0.934125006199
0.914429247379
0.894812881947
0.906808078289
0.918722271919
0.914575815201
0.910493910313
0.914936602116
0.919371843338
0.923074066639
0.926709473133
0.925080478191
0.923469305038
0.923025071621
0.922718465328
0.930122911930
0.937355041504
0.936170399189
0.934795260429
0.925169527531
0.915952026844
0.922616004944
0.929365754128
0.939139544964
0.948387801647
0.940687239170
0.933604240417
0.944858968258
0.955734431744
0.956178665161
0.956784367561
0.961523175240
0.965911626816
0.961913228035
0.958369195461
0.965033173561
0.971363127232
0.970622658730
0.970079660416
0.973485708237
0.976862013340
0.979675710201
0.982520580292
0.985926568508
0.988989651203
0.986176013947
0.983695209026
0.986657023430
0.989200115204
0.985201716423
0.981370389462
0.980037570000
0.979196906090
0.985416591167
0.991155326366
0.990266799927
0.990687668324
1.008458256721
1.023893237114
1.009528636932
0.995286583900
0.982550978661
0.972105026245
0.988838970661
1.003161907196
0.989834010601
0.977461397648
0.975684344769
0.975686609745
0.994790017605
1.011126518250
0.998687028885
0.987289786339
0.986401259899
0.986034631729
0.990773439407
0.994990408421
0.994249939919
0.994320094585
1.001872539520
1.008400678635
1.005735158920
1.001806497574
0.986849606037
0.974433600903
0.983615040779
0.991807043552
0.991807043552
0.993570744991
1.009564280510
1.022635102272
1.012713193893
1.004515528679
1.009550571442
1.013486504555
1.009191989899
1.004915356636
1.000768780708
0.997313439846
0.998794317245
1.001722693443
1.014754533768
1.025533795357
1.020942926407
1.016255736351
1.010924577713
1.007344126701
1.015192747116
1.022861123085
1.029376983643
1.033790349960
1.025053143501
1.017355084419
1.016022324562
1.013356685638
1.002694368362
0.992742359638
0.986966907978
0.974687814713
0.924930095673
0.875729143620
0.829673647881
0.786221802235
0.757196485996
0.727941095829
0.697434842587
0.667279362679
0.638994514942
0.606030225754
0.548571884632
0.499147117138
0.491002291441
0.481877595186
0.467809200287
0.456625372171
0.459735244513
0.465621262789
0.485020846128
0.496430337429
0.469626337290
0.446225792170
0.438821375370
0.433419674635
0.437269955873
0.445208847523
0.471716672182
0.497845172882
0.522279739380
0.545176267624
0.561317920685
0.578600823879
0.600814044476
0.622237503529
0.640304327011
0.659828603268
0.685447871685
0.721315324306
0.799357891083
0.867753922939
0.897075414658
0.921171128750
0.924429059029
0.923718690872
0.907428979874
0.886056721210
0.845036268234
0.802259862423
0.752798378468
0.707888662815
0.680048048496
0.653563976288
0.632091164589
0.605511367321
0.560344398022
0.517889797688
0.485162258148
0.453806519508
0.427298694849
0.402607649565
0.384244680405
0.366182357073
0.349152207375
0.324590295553
0.274536430836
0.222536265850
0.164041370153
0.111000120640
0.075903184712
0.046806976199
0.037181232125
0.026956083253
0.014812836424
0.006873964332
0.012205145322
0.017068307847
0.020474340767
0.021770764142
0.016587670892
0.011588296853
0.007145645563
0.003593751462
0.002705221297
0.002716355957
0.005381946452
0.008463965729
0.012758528814
0.017473602667
0.023397136480
0.026927502826
0.023669559509
0.020879263058
0.019398380071
0.017956838012
0.016624042764
0.015211820602
0.013582849875
0.011553036980
0.008443181403
0.005778333172
0.004297449719
0.001265164115
-0.005843077321
-0.012209763750
-0.016652414575
-0.019432319328
-0.017951436341
-0.017728745937
-0.020690513775
-0.023525347933
-0.026042850688
-0.026127472520
-0.020203936845
-0.017121916637
-0.020972214639
-0.025083059445
-0.029821885750
-0.031538821757
-0.026059551165
-0.024069452658
-0.030289163813
-0.032099626958
-0.023658590391
-0.018945001066
-0.022795299068
-0.025558872148
-0.025855047628
-0.025512106717
-0.023735046387
-0.023062523454
-0.024839583784
-0.027173368260
-0.030727488920
-0.029511606321
-0.017960714176
-0.006739772391
0.003774501150
0.026688111946
0.075853444636
0.122912138700
0.165561586618
0.196920692921
0.204917460680
0.223756611347
0.264777094126
0.304964721203
0.343467682600
0.382760465145
0.423632830381
0.459382623434
0.485001891851
0.506913423538
0.521574199200
0.537042558193
0.554072678089
0.573848605156
0.598875582218
0.639165639877
0.708322882652
0.763912022114
0.794122099876
0.819343864918
0.835337400436
0.847196757793
0.851491272449
0.832807302475
0.772535324097
0.720330655575
0.682568132877
0.649615645409
0.625181078911
0.602952957153
0.584590017796
0.560970902443
0.528243362904
0.497752755880
0.471096843481
0.445155024529
0.420424252748
0.399066895247
0.383369505405
0.368451565504
0.354827433825
0.326744109392
0.274913161993
0.218343406916
0.154073059559
0.107917360961
0.090887203813
0.076143316925
0.065036691725
0.052089165896
0.036243710667
0.030356919393
0.039982661605
0.041217472404
0.029518494383
0.025266984478
0.032375223935
0.033051088452
0.024017697200
0.021338375285
0.028150441125
0.031915001571
0.031174559146
0.026586046442
0.016367949545
0.016010904685
0.029931211844
0.036121230572
0.031234314665
0.028980700299
0.030461583287
0.031819246709
0.033003952354
0.031709384173
0.026970556006
0.026097614318
0.030540267006
0.031533088535
0.027830880135
0.025579862297
0.025283686817
0.025368308648
0.025960661471
0.024254862219
0.019516034052
0.014584580436
0.009401487187
0.009061885998
0.014985420741
0.011620957404
-0.003632144071
-0.009086917154
-0.002126764506
-0.000290691562
-0.004881430883
-0.009207911789
-0.013206297532
-0.006442111451
0.013549817726
0.032339226454
0.049665562809
0.080561846495
0.127802029252
0.168084666133
0.200071752071
0.232873871922
0.266638010740
0.298080265522
0.326809406281
0.356637150049
0.387735694647
0.422493040562
0.461440265179
0.484216183424
0.488658845425
0.502451479435
0.526737987995
0.544570922852
0.555233299732
0.589801311493
0.650665640831
0.707276642323
0.759255647659
0.803609788418
0.839743316174
0.864487409592
0.877074956894
0.885126292706
0.888384222984
0.889977574348
0.889829456806
0.894700765610
0.904770791531
0.913085997105
0.919601917267
0.928616344929
0.940167248249
0.945735633373
0.945291340351
0.944624423981
0.943735897541
0.949263036251
0.961110115051
0.961561441422
0.950899064541
0.944305241108
0.941639602184
0.945409715176
0.955331683159
0.961981892586
0.965535998344
0.969472408295
0.973767042160
0.973067760468
0.967736601830
0.968349695206
0.974421322346
0.950163066387
0.898332118988
0.854762971401
0.818629443645
0.782025992870
0.745003879070
0.714433848858
0.689554989338
0.662778854370
0.634345889091
0.603450715542
0.570427000523
0.539318442345
0.509848833084
0.489358097315
0.476474434137
0.457147598267
0.432416826487
0.413916170597
0.400588214397
0.360762476921
0.299157708883
0.242697075009
0.190421879292
0.152090743184
0.124990575016
0.107777811587
0.098448246717
0.091353364289
0.086022183299
0.086510613561
0.091545619071
0.086643114686
0.074055604637
0.065578192472
0.060247015208
0.053230818361
0.044937871397
0.045445602387
0.052553843707
0.056177366525
0.057213984430
0.052019014955
0.042245186865
0.039844594896
0.042806364596
0.041807230562
0.037956934422
0.032377082855
0.025565017015
0.025092914701
0.029091300443
0.030211428180
0.029322898015
0.030536554754
0.033202145249
0.029446491972
0.021301630884
0.020488444716
0.024634918198
0.025055799633
0.022982563823
0.017880752683
0.010772511363
0.008136612363
0.008432788774
0.004417701624
-0.002394362818
-0.003524510888
-0.001007008716
0.002868897980
0.007607725915
0.004162722733
-0.004426402505
-0.005620017182
-0.002213984495
0.009167663753
0.025457382202
0.045520942658
0.067882284522
0.105769522488
0.153009712696
0.189579367638
0.219789400697
0.254564195871
0.292030543089
0.321172773838
0.345459252596
0.374816387892
0.407099664211
0.439477205276
0.471908539534
0.503866672516
0.535557568073
0.547675549984
0.548860251904
0.564352750778
0.587750732899
0.624554634094
0.668684959412
0.732617557049
0.807254076004
0.839045226574
0.847930490971
0.854006588459
0.858597338200
0.837710916996
0.803502500057
0.771929621696
0.741719603539
0.707296311855
0.670718431473
0.640336930752
0.613088667393
0.590381801128
0.569945633411
0.530879259109
0.482602447271
0.456009626389
0.440016090870
0.427317231894
0.416210591793
0.412920385599
0.413364648819
0.420950174332
0.431908726692
0.417326301336
0.390818476677
0.380015790462
0.376461684704
0.375755012035
0.376347392797
0.391024827957
0.412053376436
0.444964617491
0.483171433210
0.512536704540
0.538007915020
0.557391524315
0.574125528336
0.588167190552
0.601050913334
0.631497323513
0.669407963753
0.725569784641
0.789395868778
0.831661164761
0.864981055260
0.889162898064
0.909599125385
0.921075761318
0.928924441338
0.942062020302
0.957315087318
0.964500904083
0.968499302864
0.962697863579
0.953072130680
0.946546196938
0.941215038300
0.950149714947
0.964514315128
0.974358260632
0.982503116131
0.973475277424
0.958074092865
0.955461204052
0.957534432411
0.951560437679
0.942675113678
0.942410111427
0.945223808289
0.940592229366
0.933335900307
0.944536089897
0.962158620358
0.959829270840
0.950647771358
0.945226788521
0.941080272198
0.947809219360
0.958175420761
0.964199185371
0.968789935112
0.968353450298
0.966280221939
0.970708012581
0.977223873138
0.981940448284
0.986086964607
0.984253466129
0.980551242828
0.984207093716
0.990130603313
0.994464159012
0.998314380646
0.994188725948
0.987672805786
0.991788148880
0.999044477940
0.992079913616
0.980973243713
0.976539850235
0.974022328854
0.969888865948
0.965298175812
0.971013486385
0.979602634907
0.978317320347
0.974318921566
0.974865615368
0.976642668247
0.980407238007
0.984701812267
0.980317413807
0.973653435707
0.978872537613
0.987165451050
0.981413364410
0.972083806992
0.967016518116
0.963018178940
0.969946384430
0.979572176933
0.970612227917
0.957136213779
0.955611109734
0.956943929195
0.963311731815
0.970864236355
0.963746011257
0.953231751919
0.958036601543
0.966329574585
0.967604815960
0.967308640480
0.963250100613
0.958363175392
0.922433435917
0.879783987999
0.882925033569
0.895808696747
0.863987505436
0.822818934917
0.785827279091
0.749693691730
0.726868093014
0.706728041172
0.672004103661
0.634389638901
0.604956805706
0.577116191387
0.540074825287
0.501275658607
0.474697709084
0.450411230326
0.440258443356
0.432705938816
0.415243029594
0.395991533995
0.345411002636
0.289285540581
0.235179096460
0.181423008442
0.140069976449
0.100826568902
0.083796404302
0.070468448102
0.064524129033
0.059785306454
0.055046476424
0.050307650119
0.049282167107
0.048837900162
0.050063062459
0.051543947309
0.045426301658
0.038169972599
0.028072128072
0.017557851970
0.017276521772
0.018461229280
0.017827307805
0.016938777640
0.024127187207
0.032420136034
0.042803395540
0.053465753794
0.061245772988
0.068650193512
0.106930479407
0.149135664105
0.191340848804
0.233546033502
0.265180915594
0.295539021492
0.308937102556
0.320339918137
0.356855392456
0.396246910095
0.428709805012
0.460400700569
0.483406722546
0.505471944809
0.513736665249
0.520548701286
0.533003687859
0.546035468578
0.582375049591
0.621026098728
0.675618708134
0.731744229794
0.765517294407
0.797208189964
0.818031847477
0.837875664234
0.844915628433
0.850839197636
0.863865017891
0.877489149570
0.872487545013
0.865971624851
0.867695271969
0.870064675808
0.877115786076
0.884520232677
0.889163315296
0.893605947495
0.901371121407
0.909367859364
0.924999177456
0.941140830517
0.937657952309
0.932919144630
0.913248240948
0.892663955688
0.905801117420
0.920906126499
0.930399358273
0.939580857754
0.927381217480
0.914053261280
0.911303043365
0.909081697464
0.913082301617
0.917376875877
0.927767932415
0.938430309296
0.933598339558
0.928119063377
0.922069668770
0.915998041630
0.926501929760
0.937608599663
0.935534954071
0.933017432690
0.938974380493
0.945194125175
0.945509612560
0.945657730103
0.955623388290
0.965841472149
0.968387961388
0.970757365227
0.961807489395
0.952625989914
0.967595934868
0.982997059822
0.976664960384
0.970000982285
0.964068174362
0.958144605160
0.965268850327
0.972525179386
0.974196434021
0.975825428963
0.969055652618
0.962243556976
0.965476274490
0.968734204769
