0.000000000000
0.000000000000
0.000000000000
0.000000000000
0.000000000000
0.000000000000
0.000000000000
0.000000000000
0.000000000000
0.000000000000
0.000000000000
0.000000000000
0.000000000000
0.000000000000
0.000000000000
0.000000000000
0.000000000000
0.000000000000
0.000000000000
0.000000000000
0.000000000000
0.000000000000
0.000000000000
0.000000000000
0.000000000000
0.000000000000
0.000000000000
0.000000000000
0.000000000000
0.000000000000
0.000000000000
0.000000000000
0.000000000000
0.000000000000
0.000000000000
0.000000000000
0.000000000000
0.000000000000
0.000000000000
0.000000000000
0.000000000000
0.000000000000
0.000000000000
0.000000000000
0.000000000000
0.000000000000
0.000000000000
0.000000000000
0.000000000000
0.000000000000
0.000000000000
0.000000000000
0.000000000000
0.000000000000
0.000000000000
0.000000000000
0.000000000000
0.000000000000
0.000000000000
0.000000000000
0.000000000000
0.000000000000
0.000000000000
0.000000000000
0.000000000000
0.000000000000
0.001532514181
0.003351029382
0.000000000000
0.000525131439
0.000000000000
0.000000000000
0.001110741540
0.005586210308
0.002127806597
0.000000000000
0.003822086080
0.007295901321
0.000000000000
0.001844712073
0.000658764568
0.001121913703
0.006427625575
0.001580980170
0.002126177843
0.002634401017
0.000799353298
0.000000000000
0.000000000000
0.001018080837
0.007870055797
0.000000000000
0.000000000000
0.001074731665
0.000516456716
0.000000000000
0.000000000000
0.000000000000
0.000000000000
0.000000000000
0.003996897441
0.001671358599
0.002492126694
0.005324966619
0.002311696430
0.003489535472
0.003009792080
0.002203347025
0.002362288905
0.002640417410
0.000856669965
0.006474771197
0.008366623216
0.008389817033
0.008078250802
0.019409208776
0.026665779984
0.029610298289
0.029433739421
0.028591036808
0.026774514693
0.013641895855
0.009420026183
0.013549363820
0.020007406531
0.023024954251
0.028032671606
0.030627071470
0.039778552353
0.043249325504
0.039861288665
0.037769420227
0.036072948118
0.040958375181
0.045280259265
0.040267117083
0.048223660890
0.044760898988
0.050953337311
0.039999602775
0.017129566790
0.020564883935
0.025725947792
0.008627899674
0.000000000000
0.000000000000
0.000000000000
0.000000000000
0.000000000000
0.000000000000
0.000000000000
0.000000000000
0.000000000000
0.000000000000
0.000000000000
0.000000000000
0.000000000000
0.000000000000
0.000000000000
0.000000000000
0.000000000000
0.000000000000
0.000000000000
0.000000000000
0.000000000000
0.000000000000
0.000000000000
0.000000000000
0.000000000000
0.000000000000
0.000000000000
0.000000000000
0.000000000000
0.000000000000
0.000000000000
0.000000000000
0.000000000000
0.000000000000
0.000000000000
0.000000000000
0.000000000000
0.000000000000
0.000000000000
0.000000000000
0.000000000000
0.000000000000
0.000000000000
0.000000000000
0.000000000000
0.000000000000
0.000000000000
0.000000000000
0.000000000000
0.000000000000
0.000000000000
0.000000000000
0.000000000000
0.000000000000
0.000000000000
0.000000000000
0.000000000000
0.000000000000
0.000000000000
0.000000000000
0.000000000000
0.000000000000
0.000000000000
0.000000000000
0.000000000000
0.000000000000
0.000000000000
0.000000000000
0.000000000000
0.000000000000
0.000000000000
0.000000000000
0.000000000000
0.000000000000
0.000000000000
0.000000000000
0.000000000000
0.000000000000
0.000000000000
0.000000000000
0.000000000000
0.000000000000
0.000000000000
0.000000000000
0.000000000000
0.000000000000
0.000000000000
0.000000000000
0.000000000000
0.000000000000
0.000000000000
0.000000000000
0.000000000000
0.000000000000
0.000000000000
0.000000000000
0.000000000000
0.000000000000
0.000000000000
0.000000000000
0.000000000000
0.000000000000
0.000000000000
0.000000000000
0.000000000000
0.000000000000
0.000000000000
0.000000000000
0.000000000000
0.000000000000
0.000408315731
0.003320557793
