0.000000000000
0.000000000000
0.000000000000
0.000000000000
0.000000000000
0.000000000000
0.000000000000
0.000000000000
0.000000000000
0.000000000000
0.000000000000
0.000000000000
0.000000000000
0.000000000000
0.000000000000
0.000000000000
0.000000000000
0.000000000000
0.000000000000
0.000000000000
0.000000000000
0.000000000000
0.000000000000
0.000000000000
0.000000000000
0.000000000000
0.000000000000
0.000000000000
0.000000000000
0.000000000000
0.000000000000
0.000000000000
0.000000000000
0.000000000000
0.000000000000
0.000000000000
0.000000000000
0.000000000000
0.000000000000
0.000000000000
0.000000000000
0.000000000000
0.000000000000
0.000000000000
0.000000000000
0.000000000000
0.000000000000
0.000000000000
0.000000000000
0.000000000000
0.000000000000
0.000000000000
0.000000000000
0.000000000000
0.000000000000
0.000000000000
0.000000000000
0.000000000000
0.000000000000
0.000000000000
0.000000000000
0.000000000000
0.000000000000
0.000000000000
0.002155920787
0.000000000000
0.000000000000
0.000000000000
0.000000000000
0.000000000000
0.000000000000
0.002000189239
0.005413900661
0.001724810269
0.002995729618
0.003902025809
0.005278504860
0.004359799643
0.003114794278
0.010090560601
0.010803757478
0.008012719397
0.007505523739
0.010317912434
0.014957178653
0.006305427477
0.009477638564
0.005293499077
0.004004525615
0.003944466367
0.001114276502
0.005676589967
0.009269001665
0.002584788174
0.000827206761
0.005159263320
0.003320083977
0.002360714771
0.007240911695
0.001799133140
0.004765490403
0.001513679331
0.001317306459
0.000881329023
0.002468716912
0.007791186817
0.008834544736
0.003999397083
0.007587919383
0.010485264140
0.010956279710
0.003695924522
0.009501270139
0.011660980091
0.010570558037
0.007540020243
0.005620226938
0.012505254251
0.020564657605
0.024847200803
0.011361125350
0.019322381492
0.027733997375
0.023068686194
0.021494610915
0.016771139940
0.022588852521
0.028146763633
0.023441688278
0.025417511168
0.029965954015
0.034682099943
0.033661485078
0.030539806238
0.026487952364
0.027281879710
0.022881676415
0.025529729064
0.022542274342
0.018822305532
0.022571796880
0.021467049194
0.014054072859
0.016215455308
0.018868207484
0.028138026714
0.018472750338
0.004805258653
0.016372937996
0.008162455636
0.000000000000
0.000000000000
0.000000000000
0.000000000000
0.000000000000
0.000000000000
0.000000000000
0.000000000000
0.000000000000
0.000000000000
0.000000000000
0.000000000000
0.000000000000
0.000000000000
0.000000000000
0.000000000000
0.000000000000
0.000000000000
0.000000000000
0.000000000000
0.000000000000
0.000000000000
0.000000000000
0.000000000000
0.000000000000
0.000000000000
0.000000000000
0.000000000000
0.000000000000
0.000000000000
0.000000000000
0.000000000000
0.000000000000
0.000000000000
0.000000000000
0.000000000000
0.000000000000
0.000000000000
0.000000000000
0.000000000000
0.000000000000
0.000000000000
0.000000000000
0.000000000000
0.000000000000
0.000000000000
0.000000000000
0.000000000000
0.000000000000
0.000000000000
0.000000000000
0.000000000000
0.000000000000
0.000000000000
0.000000000000
0.000000000000
0.000000000000
0.000000000000
0.000000000000
0.000000000000
0.000000000000
0.000000000000
0.000000000000
0.000000000000
0.000000000000
0.000000000000
0.000000000000
0.000000000000
0.000000000000
0.000000000000
0.000000000000
0.000000000000
0.000000000000
0.000000000000
0.000000000000
0.000000000000
0.000000000000
0.000000000000
0.000000000000
0.000000000000
0.000000000000
0.000000000000
0.000000000000
0.000000000000
0.000000000000
0.000000000000
0.000000000000
0.000000000000
0.000000000000
0.000000000000
0.000000000000
0.000000000000
0.000000000000
0.000000000000
0.000000000000
0.000000000000
0.000000000000
0.000000000000
0.000000000000
0.000000000000
0.000000000000
0.000000000000
0.001688462555
0.001569084510
0.000000000000
0.001819822402
