0.93412501
0.91442925
0.89481288
0.90680808
0.91872227
0.91457582
0.91049391
0.91493660
0.91937184
0.92307407
0.92670947
0.92508048
0.92346931
0.92302507
0.92271847
0.93012291
0.93735504
0.93617040
0.93479526
0.92516953
0.91595203
0.92261600
0.92936575
0.93913954
0.94838780
0.94068724
0.93360424
0.94485897
0.95573443
0.95617867
0.95678437
0.96152318
0.96591163
0.96191323
0.95836920
0.96503317
0.97136313
0.97062266
0.97007966
0.97348571
0.97686201
0.97967571
0.98252058
0.98592657
0.98898965
0.98617601
0.98369521
0.98665702
0.98920012
0.98520172
0.98137039
0.98003757
0.97919691
0.98541659
0.99115533
0.99026680
0.99068767
1.00845826
1.02389324
1.00952864
0.99528658
0.98255098
0.97210503
0.98883897
1.00316191
0.98983401
0.97746140
0.97568434
0.97568661
0.99479002
1.01112652
0.99868703
0.98728979
0.98640126
0.98603463
0.99077344
0.99499041
0.99424994
0.99432009
1.00187254
1.00840068
1.00573516
1.00180650
0.98684961
0.97443360
0.98361504
0.99180704
0.99180704
0.99357074
1.00956428
1.02263510
1.01271319
1.00451553
1.00955057
1.01348650
1.00919199
1.00491536
1.00076878
0.99731344
0.99879432
1.00172269
1.01475453
1.02553380
1.02094293
1.01625574
1.01092458
1.00734413
1.01519275
1.02286112
1.02937698
1.03379035
1.02505314
1.01735508
1.01602232
1.01335669
1.00269437
0.99274236
0.98696691
0.97468781
0.92493010
0.87572914
0.82967365
0.78622180
0.75719649
0.72794110
0.69743484
0.66727936
0.63899451
0.60603023
0.54857188
0.49914712
0.49100229
0.48187760
0.46780920
0.45662537
0.45973524
0.46562126
0.48502085
0.49643034
0.46962634
0.44622579
0.43882138
0.43341967
0.43726996
0.44520885
0.47171667
0.49784517
0.52227974
0.54517627
0.56131792
0.57860082
0.60081404
0.62223750
0.64030433
0.65982860
0.68544787
0.72131532
0.79935789
0.86775392
0.89707541
0.92117113
0.92442906
0.92371869
0.90742898
0.88605672
0.84503627
0.80225986
0.75279838
0.70788866
0.68004805
0.65356398
0.63209116
0.60551137
0.56034440
0.51788980
0.48516226
0.45380652
0.42729869
0.40260765
0.38424468
0.36618236
0.34915221
0.32459030
0.27453643
0.22253627
0.16404137
0.11100012
0.07590318
0.04680698
0.03718123
0.02695608
0.01481284
0.00687396
0.01220515
0.01706831
0.02047434
0.02177076
0.01658767
0.01158830
0.00714565
0.00359375
0.00270522
0.00271636
0.00538195
0.00846397
0.01275853
0.01747360
0.02339714
0.02692750
0.02366956
0.02087926
0.01939838
0.01795684
0.01662404
0.01521182
0.01358285
0.01155304
0.00844318
0.00577833
0.00429745
0.00126516
-0.00584308
-0.01220976
-0.01665241
-0.01943232
-0.01795144
-0.01772875
-0.02069051
-0.02352535
-0.02604285
-0.02612747
-0.02020394
-0.01712192
-0.02097221
-0.02508306
-0.02982189
-0.03153882
-0.02605955
-0.02406945
-0.03028916
-0.03209963
-0.02365859
-0.01894500
-0.02279530
-0.02555887
-0.02585505
-0.02551211
-0.02373505
-0.02306252
-0.02483958
-0.02717337
-0.03072749
-0.02951161
-0.01796071
-0.00673977
0.00377450
0.02668811
0.07585344
0.12291214
0.16556159
0.19692069
0.20491746
0.22375661
0.26477709
0.30496472
0.34346768
0.38276047
0.42363283
0.45938262
0.48500189
0.50691342
0.52157420
0.53704256
0.55407268
0.57384861
0.59887558
0.63916564
0.70832288
0.76391202
0.79412210
0.81934386
0.83533740
0.84719676
0.85149127
0.83280730
0.77253532
0.72033066
0.68256813
0.64961565
0.62518108
0.60295296
0.58459002
0.56097090
0.52824336
0.49775276
0.47109684
0.44515502
0.42042425
0.39906690
0.38336951
0.36845157
0.35482743
0.32674411
0.27491316
0.21834341
0.15407306
0.10791736
0.09088720
0.07614332
0.06503669
0.05208917
0.03624371
0.03035692
0.03998266
0.04121747
0.02951849
0.02526698
0.03237522
0.03305109
0.02401770
0.02133838
0.02815044
0.03191500
0.03117456
0.02658605
0.01636795
0.01601090
0.02993121
0.03612123
0.03123431
0.02898070
0.03046158
0.03181925
0.03300395
0.03170938
0.02697056
0.02609761
0.03054027
0.03153309
0.02783088
0.02557986
0.02528369
0.02536831
0.02596066
0.02425486
0.01951603
0.01458458
0.00940149
0.00906189
0.01498542
0.01162096
-0.00363214
-0.00908692
-0.00212676
-0.00029069
-0.00488143
-0.00920791
-0.01320630
-0.00644211
0.01354982
0.03233923
0.04966556
0.08056185
0.12780203
0.16808467
0.20007175
0.23287387
0.26663801
0.29808027
0.32680941
0.35663715
0.38773569
0.42249304
0.46144027
0.48421618
0.48865885
0.50245148
0.52673799
0.54457092
0.55523330
0.58980131
0.65066564
0.70727664
0.75925565
0.80360979
0.83974332
0.86448741
0.87707496
0.88512629
0.88838422
0.88997757
0.88982946
0.89470077
0.90477079
0.91308600
0.91960192
0.92861634
0.94016725
0.94573563
0.94529134
0.94462442
0.94373590
0.94926304
0.96111012
0.96156144
0.95089906
0.94430524
0.94163960
0.94540972
0.95533168
0.96198189
0.96553600
0.96947241
0.97376704
0.97306776
0.96773660
0.96834970
0.97442132
0.95016307
0.89833212
0.85476297
0.81862944
0.78202599
0.74500388
0.71443385
0.68955499
0.66277885
0.63434589
0.60345072
0.57042700
0.53931844
0.50984883
0.48935810
0.47647443
0.45714760
0.43241683
0.41391617
0.40058821
0.36076248
0.29915771
0.24269708
0.19042188
0.15209074
0.12499058
0.10777781
0.09844825
0.09135336
0.08602218
0.08651061
0.09154562
0.08664311
0.07405560
0.06557819
0.06024702
0.05323082
0.04493787
0.04544560
0.05255384
0.05617737
0.05721398
0.05201901
0.04224519
0.03984459
0.04280636
0.04180723
0.03795693
0.03237708
0.02556502
0.02509291
0.02909130
0.03021143
0.02932290
0.03053655
0.03320215
0.02944649
0.02130163
0.02048844
0.02463492
0.02505580
0.02298256
0.01788075
0.01077251
0.00813661
0.00843279
0.00441770
-0.00239436
-0.00352451
-0.00100701
0.00286890
0.00760773
0.00416272
-0.00442640
-0.00562002
-0.00221398
0.00916766
0.02545738
0.04552094
0.06788228
0.10576952
0.15300971
0.18957937
0.21978940
0.25456420
0.29203054
0.32117277
0.34545925
0.37481639
0.40709966
0.43947721
0.47190854
0.50386667
0.53555757
0.54767555
0.54886025
0.56435275
0.58775073
0.62455463
0.66868496
0.73261756
0.80725408
0.83904523
0.84793049
0.85400659
0.85859734
0.83771092
0.80350250
0.77192962
0.74171960
0.70729631
0.67071843
0.64033693
0.61308867
0.59038180
0.56994563
0.53087926
0.48260245
0.45600963
0.44001609
0.42731723
0.41621059
0.41292039
0.41336465
0.42095017
0.43190873
0.41732630
0.39081848
0.38001579
0.37646168
0.37575501
0.37634739
0.39102483
0.41205338
0.44496462
0.48317143
0.51253670
0.53800792
0.55739152
0.57412553
0.58816719
0.60105091
0.63149732
0.66940796
0.72556978
0.78939587
0.83166116
0.86498106
0.88916290
0.90959913
0.92107576
0.92892444
0.94206202
0.95731509
0.96450090
0.96849930
0.96269786
0.95307213
0.94654620
0.94121504
0.95014971
0.96451432
0.97435826
0.98250312
0.97347528
0.95807409
0.95546120
0.95753443
0.95156044
0.94267511
0.94241011
0.94522381
0.94059223
0.93333590
0.94453609
0.96215862
0.95982927
0.95064777
0.94522679
0.94108027
0.94780922
0.95817542
0.96419919
0.96878994
0.96835345
0.96628022
0.97070801
0.97722387
0.98194045
0.98608696
0.98425347
0.98055124
0.98420709
0.99013060
0.99446416
0.99831438
0.99418873
0.98767281
0.99178815
0.99904448
0.99207991
0.98097324
0.97653985
0.97402233
0.96988887
0.96529818
0.97101349
0.97960263
0.97831732
0.97431892
0.97486562
0.97664267
0.98040724
0.98470181
0.98031741
0.97365344
0.97887254
0.98716545
0.98141336
0.97208381
0.96701652
0.96301818
0.96994638
0.97957218
0.97061223
0.95713621
0.95561111
0.95694393
0.96331173
0.97086424
0.96374601
0.95323175
0.95803660
0.96632957
0.96760482
0.96730864
0.96325010
0.95836318
0.92243344
0.87978399
0.88292503
0.89580870
0.86398751
0.82281893
0.78582728
0.74969369
0.72686809
0.70672804
0.67200410
0.63438964
0.60495681
0.57711619
0.54007483
0.50127566
0.47469771
0.45041123
0.44025844
0.43270594
0.41524303
0.39599153
0.34541100
0.28928554
0.23517910
0.18142301
0.14006998
0.10082657
0.08379640
0.07046845
0.06452413
0.05978531
0.05504648
0.05030765
0.04928217
0.04883790
0.05006306
0.05154395
0.04542630
0.03816997
0.02807213
0.01755785
0.01727652
0.01846123
0.01782731
0.01693878
0.02412719
0.03242014
0.04280340
0.05346575
0.06124577
0.06865019
0.10693048
0.14913566
0.19134085
0.23354603
0.26518092
0.29553902
0.30893710
0.32033992
0.35685539
0.39624691
0.42870981
0.46040070
0.48340672
0.50547194
0.51373667
0.52054870
0.53300369
0.54603547
0.58237505
0.62102610
0.67561871
0.73174423
0.76551729
0.79720819
0.81803185
0.83787566
0.84491563
0.85083920
0.86386502
0.87748915
0.87248755
0.86597162
0.86769527
0.87006468
0.87711579
0.88452023
0.88916332
0.89360595
0.90137112
0.90936786
0.92499918
0.94114083
0.93765795
0.93291914
0.91324824
0.89266396
0.90580112
0.92090613
0.93039936
0.93958086
0.92738122
0.91405326
0.91130304
0.90908170
0.91308230
0.91737688
0.92776793
0.93843031
0.93359834
0.92811906
0.92206967
0.91599804
0.92650193
0.93760860
0.93553495
0.93301743
0.93897438
0.94519413
0.94550961
0.94565773
0.95562339
0.96584147
0.96838796
0.97075737
0.96180749
0.95262599
0.96759593
0.98299706
0.97666496
0.97000098
0.96406817
0.95814461
0.96526885
0.97252518
0.97419643
0.97582543
0.96905565
0.96224356
0.96547627
0.96873420
