0.0160554
-0.0160416
0.0057246
-0.00028083
0.00385608
-0.00774383
-0.00649425
0.00302203
0.00120732
0.000460508
0.00606566
-0.00295651
0.00300234
0.00520083
-0.00580204
0.00757289
-0.000339981
0.0038372
-0.00216872
0.00285014
-0.00284493
-0.00718717
-0.00555688
0.00248839
-0.00249655
-0.0031391
0.00244554
-0.00470789
-0.00256373
-0.00219028
0.0136903
-0.00269915
0.00365866
0.00400124
-0.000181493
-0.0125468
-0.00300297
-7.88611e-06
-0.00834605
0.00706898
0.00909342
-0.000721939
0.000330731
-0.00550842
0.000549492
0.00821892
0.000471005
-0.00201272
-0.00150701
5.86946e-05
-0.00378304
-0.00117422
-0.00461943
0.000537971
-0.00351489
0.00306492
-3.30821e-05
-0.00698714
-0.00162988
0.0055612
0.0092246
-0.00556036
-0.00553367
-0.000635816
0.0087401
0.00361638
-0.00441894
0.000119306
0.0010989
0.00180839
0.00177776
-0.00109896
0.00408876
-0.000132959
-0.00395559
-0.00484329
-0.0100494
0.00825489
0.00761428
-0.00295416
-0.0036804
-0.00207766
0.00290563
0.000578668
-0.00145466
-0.000770303
-0.00210278
-0.00927062
-0.00075428
0.00577697
0.00728959
0.000293853
0.000458588
0.00952157
-0.00907014
-0.00674001
0.00241471
0.0070636
0.00268072
-0.000688648
-0.00150296
-0.00696463
-0.00251277
0.00127275
-0.00297736
-0.00999223
-0.00425287
0.00508248
0.0101341
0.0054271
0.0162981
0.0160051
0.0157491
0.0439068
0.0460242
0.0350364
0.0438623
0.026364
0.0337421
0.0273874
0.028968
0.0307895
0.0315957
0.0411537
0.0362377
0.0165261
0.0274205
0.018116
0.0154372
0.0180385
0.0163876
0.0215112
0.0556571
0.0694285
0.054627
0.0351844
0.0296487
0.0262536
0.0137404
0.0089875
0.0134414
0.00159927
0.00222022
0.00273596
0.00102192
9.18048e-05
0.00537743
0.0040929
0.00376802
0.00479048
0.00318832
-0.0027188
-0.00440853
0.00535423
0.00261921
0.00505193
0.00252282
0.00296232
-0.00425649
0.00738987
-0.00175074
0.00547802
0.00530694
0.00338999
0.000382363
-0.0143642
0.00246256
0.00224601
0.00724103
-0.00085065
0.00342202
0.00501777
0.00660494
-0.00243097
-0.00779948
0.00511349
0.013698
0.000414813
-0.00406765
0.00412659
0.00111992
0.00537384
-0.00414144
0.000340332
-0.00142902
0.00288695
0.00849303
0.00157184
0.00190166
0.00174307
-0.00654132
-0.00164644
0.000266394
0.00270139
0.00457254
-0.00422979
0.00150495
-0.00604961
-0.00222339
-0.00217945
-0.00631775
0.00435825
-0.00330439
0.00808497
-0.000942386
-0.00742929
0.000200995
0.0115493
0.00161888
-0.00333151
0.0011607
0.0062458
-0.00357857
-0.00937275
0.00527863
0.00722131
0.00305823
-0.00266102
-0.00275199
-0.0038357
0.00273543
-0.000325017
0.0052763
-0.000871975
-0.00980753
-0.00821225
0.0031505
-0.0048823
0.00492034
0.00771787
0.00118179
-0.00547649
-0.00133804
0.00286176
0.00150124
0.000137173
0.00206872
-0.00487783
-0.0049281
0.00664462
0.000881367
0.00613393
-0.00259745
-0.00529151
-0.00517042
0.00832459
0.00163585
0.000419926
-0.00666095
-0.000638498
0.00374999
-0.00876494
0.0027891
-0.0093993
0.00844751
-0.00656535
