-0.00656534
0.00844751
-0.00939929
0.00278909
-0.00876493
0.00374998
-0.000638494
-0.00666095
0.000419933
0.00163584
0.00832459
-0.00517042
-0.00529151
-0.00259746
0.00613393
0.000881367
0.00664463
-0.0049281
-0.00487782
0.00206871
0.000137175
0.00150124
0.00286176
-0.00133804
-0.00547649
0.00118179
0.00771787
0.00492035
-0.0048823
0.00315051
-0.00821224
-0.00980753
-0.000871978
0.00527631
-0.000325018
0.00273543
-0.0038357
-0.00275198
-0.00266102
0.00305823
0.00722131
0.00527862
-0.00937275
-0.00357857
0.00624579
0.00116071
-0.00333152
0.00161888
0.0115493
0.000200994
-0.00742929
-0.000942387
0.00808497
-0.00330438
0.00435824
-0.00631775
-0.00217945
-0.00222339
-0.00604961
0.00150495
-0.00422979
0.00457254
0.0027014
0.000266388
-0.00164643
-0.00654133
0.00174307
0.00190166
0.00157185
0.00849302
0.00288696
-0.00142903
0.000340335
-0.00414144
0.00537384
0.00111991
0.0041266
-0.00406764
0.000414812
0.013698
0.00511349
-0.00779947
-0.00243098
0.00660495
0.00501776
0.00342202
-0.000850646
0.00724103
0.00224601
0.00246257
-0.0143642
0.000382365
0.00338999
0.00530694
0.00547803
-0.00175074
0.00738987
-0.00425649
0.00296232
0.00252282
0.00505193
0.00261921
0.00535423
-0.00440853
-0.0027188
0.00318833
0.00479047
0.00376802
0.0040929
0.00537743
9.1798e-05
0.00102192
0.00273596
0.00222023
0.00159927
0.0134414
0.00898751
0.0137404
0.0262536
0.0296487
0.0351844
0.054627
0.0694285
0.0556571
0.0215113
0.0163876
0.0180385
0.0154372
0.018116
0.0274205
0.0165261
0.0362377
0.0411537
0.0315957
0.0307895
0.028968
0.0273875
0.0337421
0.026364
0.0438622
0.0350364
0.0460242
0.0439068
0.0157491
0.0160051
0.0162981
0.0054271
0.0101341
0.00508249
-0.00425288
-0.00999222
-0.00297736
0.00127274
-0.00251276
-0.00696464
-0.00150296
-0.00068865
0.00268072
0.00706361
0.0024147
-0.00673999
-0.00907015
0.00952158
0.000458582
0.000293858
0.00728959
0.00577697
-0.000754283
-0.00927062
-0.00210278
-0.000770308
-0.00145466
0.000578667
0.00290562
-0.00207766
-0.0036804
-0.00295415
0.00761428
0.00825489
-0.0100494
-0.00484329
-0.00395559
-0.000132958
0.00408876
-0.00109896
0.00177775
0.0018084
0.0010989
0.000119298
-0.00441893
0.00361637
0.00874011
-0.00063582
-0.00553367
-0.00556036
0.00922459
0.00556121
-0.00162987
-0.00698715
-3.30753e-05
0.00306492
-0.00351489
0.000537968
-0.00461943
-0.00117421
-0.00378305
5.86991e-05
-0.00150702
-0.00201272
0.000470999
0.00821892
0.000549492
-0.00550843
0.000330737
-0.000721944
0.00909343
0.00706897
-0.00834604
-7.89246e-06
-0.00300297
-0.0125468
-0.000181496
0.00400124
0.00365866
-0.00269915
0.0136904
-0.00219029
-0.00256374
-0.00470788
0.00244554
-0.0031391
-0.00249655
0.0024884
-0.00555689
-0.00718717
-0.00284493
0.00285014
-0.00216872
0.0038372
-0.000339985
0.00757288
-0.00580204
0.00520083
0.00300234
-0.0029565
0.00606566
0.000460503
0.00120732
0.00302203
-0.00649425
-0.00774383
0.00385607
-0.000280826
0.0057246
-0.0160416
0.0160554
