0.00371102
0.000624805
-0.00358065
-0.00814044
-0.00649051
0.0058824
0.00856041
-0.00164624
-0.00280565
-0.00619011
-0.00642575
0.00582908
-6.4509e-06
-0.00436993
0.000970568
0.00255023
0.00521305
-0.000576734
-0.00311116
-0.00286442
0.00270171
0.00211599
0.00316504
-0.00268516
-0.00268708
0.00320153
0.00262131
-0.00433813
-0.00315984
0.000345537
-0.000769032
0.00274018
0.00959187
-0.00100582
-0.00773667
0.00396721
-0.00184966
-0.0105733
0.00198356
0.00365953
-0.004967
0.000432015
-0.000581771
-0.00216285
-0.00426372
0.00225825
0.00740894
0.00363831
-0.005011
0.00189145
0.00372376
-8.48591e-07
0.000322101
0.000102647
0.007204
-0.00164663
-0.0043484
-0.00355714
0.00808581
-0.00264508
0.00180479
-0.00266745
0.00271542
-0.00573537
-0.00116937
0.00265156
-0.00555517
0.00171493
0.00182484
-0.00595241
-0.00616104
0.00125808
0.00460002
0.00443288
0.00361329
0.00905238
-0.00375692
0.00411799
0.00292658
-0.00217795
0.00436161
0.00897601
0.00483843
-0.000841668
0.0049573
0.00826559
0.016005
0.000237301
0.00348007
0.00960428
0.0107098
0.000774558
0.000865075
0.00598633
0.0120512
-0.000670376
-0.0050432
0.00162368
0.00558516
0.00662022
0.00438716
0.00236555
0.00784692
-0.00359156
0.00457056
0.00707802
0.000999429
0.00977234
0.013187
-0.00240143
0.00136051
0.0121783
0.00782655
-0.00112525
0.00678452
0.0109438
0.00617623
0.00311976
0.00753175
0.0128949
0.0207122
0.026921
0.0139048
0.0272975
0.0408591
0.0264107
0.0303625
0.0379947
0.0562478
0.0586007
0.0379189
0.026392
0.0294088
0.0274251
0.0269718
0.0256037
0.0144266
0.0280104
0.0284252
0.0215281
0.00946995
0.014465
0.0221515
0.0164848
0.0116133
0.0190392
0.0132313
0.0258288
0.0172674
0.00147547
0.0131779
0.00742664
9.37248e-05
0.00575132
0.00491015
-0.0035338
-0.000667612
-0.00586333
-4.79589e-05
-0.00404863
-0.000359717
0.000776159
0.00218976
-0.00241206
0.00300167
-0.00178019
-0.00782429
-0.001629
0.0134709
-0.0024469
-0.00480746
0.00686167
0.00703883
-6.33046e-05
-0.00826807
-0.00271845
-0.00164916
0.000961185
-4.98235e-05
0.00451279
-0.00360887
-0.00387119
-0.00337123
0.00459302
0.00423581
-0.00414427
-0.00524042
-0.00171172
0.00437666
0.00287922
-0.002444
-0.00121795
-0.000845734
0.00154999
0.010329
-0.0032802
-0.00404297
0.00305551
0.00423809
-0.00478134
-0.00366637
0.0010579
0.00365227
-0.00160477
0.000654337
0.00226194
-0.00130331
-0.000910441
9.7427e-05
-0.00342146
-0.00199695
-0.00194922
-0.00316439
0.00214548
-0.000795389
-0.000622662
0.00221047
0.00230285
-0.00127133
-0.00508474
0.00425029
0.00802262
0.000334745
-2.87099e-05
0.00215087
-0.00603641
-0.00360959
-0.00669031
0.00220473
9.58466e-05
0.00204481
0.0059403
0.00156227
-0.00117599
-0.00444251
0.00200515
0.00133097
-0.00283084
-0.000301791
-0.00422083
-0.00912335
-0.00148449
0.00210195
-0.00277208
0.000628184
0.00140742
-0.000436275
0.00238418
0.00696959
0.00269027
0.000627083
0.00272882
-0.00101887
-0.00056621
0.00478958
-0.00353655
