0.822706878185
0.816946506500
0.811212241650
0.815875411034
0.820541322231
0.825753092766
0.830881357193
0.824983835220
0.819218337536
0.826487362385
0.833708286285
0.837137043476
0.840726733208
0.854853332043
0.868650317192
0.863987147808
0.859398245811
0.858438193798
0.857465744019
0.855957090855
0.854702770710
0.863343358040
0.871949911118
0.879356086254
0.886366248131
0.880605876446
0.875582814217
0.892452538013
0.908898711205
0.913699030876
0.918721020222
0.929418861866
0.939885735512
0.944823205471
0.949836611748
0.956557035446
0.963141381741
0.966844439507
0.970763027668
0.978992164135
0.986554384232
0.981479823589
0.977054893970
0.984323918819
0.990980446339
0.987140178680
0.984098434448
0.994110524654
1.003363609314
1.000757694244
0.997653424740
0.987092733383
0.977854728699
0.987592518330
0.996513545513
0.994181990623
0.992100656033
0.993335008621
0.994539439678
0.995362401009
0.995649099350
0.989340066910
0.983798325062
0.987364292145
0.990149259567
0.983977437019
0.978202641010
0.976831138134
0.976453006268
0.986739397049
0.997134029865
1.008654832840
1.017910957336
1.004333019257
0.992408335209
0.996659994125
1.000898599625
1.005013108253
1.008832812309
1.009930014610
1.010243535042
1.003523111343
0.996238887310
0.984032392502
0.974669992924
0.989482343197
1.002343654633
0.999052047729
0.997227549553
1.007239580154
1.015380024910
1.008796691895
1.002861738205
1.001901626587
1.000602364540
0.996762096882
0.994967758656
1.008134365082
1.018218636513
1.006286382675
0.997190058231
1.007887959480
1.017849445343
1.022786855698
1.025919079781
1.017004251480
1.009328126907
1.009739637375
1.011691689491
1.023486733437
1.032011151314
1.020078897476
1.009263157845
1.005285739899
1.002738714218
1.008773326874
1.012236118317
1.000578284264
0.987358748913
0.965140223503
0.944117844105
0.929854035378
0.915632188320
0.901642680168
0.885117113590
0.854806602001
0.828220784664
0.821500360966
0.808994114399
0.766202747822
0.729555726051
0.724481165409
0.717001736164
0.697389006615
0.677338719368
0.655120193958
0.633743047714
0.616461932659
0.596975028515
0.566938817501
0.537624418736
0.511702716351
0.487318605185
0.470037460327
0.455355018377
0.452474832535
0.449594646692
0.446714460850
0.446937561035
0.460789889097
0.476549953222
0.500551521778
0.524082839489
0.545615673065
0.570748150349
0.610933601856
0.656508147717
0.724261164665
0.781640768051
0.797001779079
0.812775254250
0.830193519592
0.845941185951
0.855130374432
0.860880792141
0.853337466717
0.842284917831
0.817871868610
0.796172976494
0.784652292728
0.774709284306
0.770594716072
0.761986792088
0.737025201321
0.712392568588
0.688939630985
0.664276719093
0.635337650776
0.605266690254
0.571253061295
0.536435067654
0.498855501413
0.457178205252
0.401631742716
0.349500656128
0.308766603470
0.268703848124
0.230849966407
0.195710241795
0.169377103448
0.146178871393
0.133012294769
0.119746729732
0.106168709695
0.095424808562
0.093504689634
0.091315068305
0.088297732174
0.088649369776
0.099210061133
0.105405263603
0.098547674716
0.094085603952
0.096691481769
0.098981820047
0.100353337824
0.102078907192
0.104821942747
0.105169802904
0.098723672330
0.094046071172
0.094320379198
0.093210101128
0.088272638619
0.083629414439
0.079789169133
0.077248252928
0.078208312392
0.075534023345
0.063190370798
0.053682554513
0.051625277847
0.048843055964
0.044179894030
0.037245307118
0.024490194395
0.014609425329
0.012003541924
0.006811368279
-0.004846530966
-0.014448872767
-0.018974881619
-0.021866068244
-0.020768852904
-0.020274899900
-0.021234963089
-0.021667730063
-0.020844819024
-0.020962720737
-0.023294301704
-0.026162113994
-0.030276665464
-0.029816055670
-0.018843915313
-0.011604090221
-0.012838456780
-0.014791579917
-0.018357524648
-0.019366053864
-0.014702894725
-0.012059200555
-0.013842172921
-0.016577990726
-0.021378301084
-0.021769477054
-0.012717460282
0.002230362501
0.029660712928
0.052568148822
0.066009022295
0.073774769902
0.069797366858
0.080589734018
0.121598109603
0.152760431170
0.164006873965
0.180419370532
0.207163959742
0.234138861299
0.261569201946
0.286168873310
0.305232971907
0.326026767492
0.350165456533
0.381886005402
0.428106158972
0.476128876209
0.527560770512
0.572446882725
0.605089008808
0.636624276638
0.666111886501
0.687990128994
0.695944964886
0.699458003044
0.694931983948
0.689029693604
0.680663406849
0.673584043980
0.668783724308
0.662986576557
0.655443251133
0.646645307541
0.635673105717
0.621416568756
0.601529538631
0.580981194973
0.559311211109
0.535592615604
0.508436560631
0.483910083771
0.463748782873
0.433673709631
0.387316405773
0.340906858444
0.294412404299
0.256911188364
0.233869701624
0.212098672986
0.192348822951
0.171959623694
0.150563940406
0.132492899895
0.119600646198
0.109460696578
0.103563167155
0.101304456592
0.104596100748
0.107286550105
0.109069518745
0.109862521291
0.109176769853
0.110427975655
0.114542521536
0.111584998667
0.098281271756
0.093325935304
0.100457832217
0.103869095445
0.101948969066
0.103148274124
0.108771495521
0.112911142409
0.114968419075
0.112662963569
0.104296706617
0.097836136818
0.093995891511
0.088529065251
0.080848567188
0.077258557081
0.079178683460
0.080687358975
0.081647418439
0.078114129603
0.068650655448
0.057759981602
0.045004867017
0.034283310175
0.026191357523
0.020806347951
0.018886221573
0.020111994818
0.025323761627
0.024694720283
0.016739917919
0.011477278545
0.009557154030
0.013359247707
0.024194236845
0.031131228432
0.033325657248
0.047092393041
0.074797049165
0.094994448125
0.106240890920
0.122771285474
0.145538479090
0.162550106645
0.172836497426
0.187955841422
0.208665758371
0.228352710605
0.246868193150
0.264612317085
0.281481981277
0.304555445910
0.334591686726
0.358845889568
0.376675605774
0.418213009834
0.485828816891
0.537096738815
0.570561766624
0.603036880493
0.634444594383
0.666117727757
0.698074102402
0.721961557865
0.737322509289
0.754359245300
0.773149013519
0.787492215633
0.797230005264
0.806290626526
0.814656853676
0.824928820133
0.837135314941
0.847152888775
0.854970514774
0.858457088470
0.857634186745
0.863513171673
0.875993967056
0.881739556789
0.880916655064
0.875209212303
0.864785671234
0.867755532265
0.883528053761
0.893099427223
0.896802484989
0.902629911900
0.910447597504
0.915347933769
0.917542338371
0.922239184380
0.929233908653
0.919920682907
0.895781993866
0.875829994678
0.859646081924
0.847233653069
0.838181674480
0.829566895962
0.821337819099
0.806812107563
0.786787927151
0.774855375290
0.769917905331
0.753673136234
0.727751433849
0.710962235928
0.701910197735
0.676597297192
0.637646198273
0.605514168739
0.579043924809
0.535485327244
0.477881580591
0.433738648891
0.400547951460
0.367053359747
0.333314031363
0.305374234915
0.282058447599
0.260505676270
0.240344375372
0.224648922682
0.212442412972
0.201318681240
0.191032305360
0.182221934199
0.174541428685
0.167719244957
0.161547422409
0.156159326434
0.151359006763
0.147109702229
0.143269449472
0.137768954039
0.131048515439
0.126948401332
0.124753974378
0.121602579951
0.117762327194
0.114082261920
0.110516317189
0.106869935989
0.103166833520
0.099463738501
0.095760643482
0.093679994345
0.092719927430
0.087768025696
0.080087535083
0.074943140149
0.071514338255
0.066524632275
0.060489952564
0.051732867956
0.041172180325
0.031854111701
0.023350702599
0.018756978214
0.016699699685
0.012053039856
0.005744059570
0.003544819308
0.003956274595
0.003525569802
0.002565507544
0.000337049365
-0.002680289326
-0.002301489236
0.000167242441
0.013718111441
0.034016571939
0.057139530778
0.081964001060
0.097077846527
0.106404170394
0.123581826687
0.145388960838
0.160006448627
0.170429974794
0.186680227518
0.206292927265
0.230445727706
0.257190316916
0.282444804907
0.306857824326
0.331534802914
0.356359273195
0.386042505503
0.418410331011
0.461420297623
0.510246336460
0.558093011379
0.605410397053
0.636908888817
0.659950375557
0.683709621429
0.707848310471
0.716496765614
0.717045426369
0.716147542000
0.714501738548
0.703236699104
0.687052786350
0.680706679821
0.679335176945
0.670466005802
0.657848060131
0.641100108624
0.622310280800
0.601770162582
0.580374479294
0.560735702515
0.541945934296
0.528446257114
0.517474114895
0.497000336647
0.472038716078
0.442402243614
0.410583049059
0.394998282194
0.386906325817
0.366664588451
0.340880066156
0.332961350679
0.333098471165
0.344145894051
0.360055506229
0.371870845556
0.381882935762
0.405846685171
0.435882925987
0.467357695103
0.499451190233
0.536260783672
0.575074732304
0.621326148510
0.670700788498
0.705147564411
0.733400821686
0.766031622887
0.800456702709
0.825412452221
0.846533834934
0.868732810020
0.891362905502
0.900622844696
0.904600262642
0.906703233719
0.908074796200
0.902813494205
0.894995808601
0.898999691010
0.907503128052
0.914909958839
0.921904742718
0.919896960258
0.914548039436
0.910704672337
0.907413065434
0.897977769375
0.886319875717
0.885980606079
0.889683663845
0.883246481419
0.873234450817
0.882147252560
0.897645413876
0.896911203861
0.890602171421
0.895868241787
0.905057370663
0.906949341297
0.906400740147
0.916576802731
0.930292010307
0.930763602257
0.926923334599
0.933775424957
0.944061815739
0.951327741146
0.957636713982
0.960810780525
0.963005244732
0.969812631607
0.978041708469
0.982063472271
0.984806537628
0.975202798843
0.961899101734
0.969134449959
0.982438147068
0.982252538204
0.978137969971
0.974129974842
0.970152556896
0.968099415302
0.966590762138
0.969157457352
0.972860574722
0.968494415283
0.961911082268
0.964610159397
0.969821929932
0.969728052616
0.968219399452
0.974097013474
0.981914639473
0.991693675518
1.001980066299
0.991060495377
0.974739491940
0.965765118599
0.958633244038
0.965800881386
0.976498723030
0.969983458519
0.959285616875
0.960763037205
0.965151906013
0.966765046120
0.967725098133
0.964341700077
0.959952831268
0.965730071068
0.973821997643
0.972725093365
0.969570636749
0.964168131351
0.958270609379
0.921029567719
0.877003848553
0.895516932011
0.927336156368
0.918999791145
0.902267277241
0.885420978069
0.868551373482
0.856702983379
0.845867991447
0.832858204842
0.819417357445
0.798169493675
0.775402247906
0.753786623478
0.732390940189
0.703141510487
0.672419488430
0.653513193130
0.636780679226
0.611566722393
0.584822177887
0.528363049030
0.466644793749
0.418249815702
0.372166812420
0.339680761099
0.309507369995
0.292500555515
0.277688145638
0.251675039530
0.223833218217
0.196937382221
0.170192793012
0.162778347731
0.158389493823
0.156736120582
0.155501753092
0.149138450623
0.142006561160
0.129372105002
0.115931235254
0.112567402422
0.110647276044
0.108366228640
0.106034651399
0.108287855983
0.111168041825
0.113322250545
0.115379527211
0.112219199538
0.108378946781
0.131309062243
0.157642200589
0.165305167437
0.170654088259
0.178695172071
0.187061429024
0.204508572817
0.223024070263
0.239816740155
0.256412118673
0.269058585167
0.281265109777
0.293224126101
0.305156320333
0.324409812689
0.344433963299
0.364084810019
0.383697509766
0.418158710003
0.454092472792
0.499410301447
0.545630455017
0.570145189762
0.592638075352
0.621924638748
0.651823759079
0.673649072647
0.694770395756
0.708555042744
0.721721589565
0.730702459812
0.739343047142
0.750145733356
0.761117875576
0.764948487282
0.768240094185
0.785981118679
0.804770946503
0.811123907566
0.816609978676
0.826338469982
0.836350560188
0.845460355282
0.854512393475
0.846891701221
0.838251113892
0.842828691006
0.848177611828
0.855085730553
0.862080454826
0.857480525970
0.852268755436
0.848624408245
0.845058500767
0.850398123264
0.856158494949
0.868878245354
0.881907641888
0.890855848789
0.899633586407
0.893231749535
0.886237025261
0.902004659176
0.918600082397
0.920069515705
0.921029627323
0.928507983685
0.936188459396
0.940934777260
0.945597946644
0.942505657673
0.939214050770
0.945440530777
0.951886653900
0.959407985210
0.966951370239
0.969778597355
0.972521662712
0.962025940418
0.951328098774
0.952819228172
0.954465031624
0.963442802429
0.972494840622
0.977463245392
0.982400715351
0.980651378632
0.978868424892
0.972160339355
0.965439915657
