0.537235915661
0.554808318615
0.572372794151
0.586791157722
0.601177155972
0.609137356281
0.617108821869
0.626570880413
0.636026859283
0.644888162613
0.653726875782
0.660785853863
0.667946517467
0.681764125824
0.695702970028
0.716429352760
0.736704051495
0.734901726246
0.733211278915
0.736365258694
0.739869356155
0.756991207600
0.774092316628
0.790463209152
0.806391417980
0.808043479919
0.810214340687
0.827786684036
0.845464468002
0.866040706635
0.886312067509
0.898777902126
0.911508798599
0.930583119392
0.948851108551
0.949001312256
0.949530899525
0.958091855049
0.966874480247
0.980091333389
0.992359578609
0.986652314663
0.981514155865
0.986620664597
0.991453945637
0.991604149342
0.992126584053
0.998734951019
1.004268288612
0.993004024029
0.982784271240
0.988191127777
0.993265211582
0.993565618992
0.993906676769
0.994807839394
0.996004104614
1.001110553741
1.005911350250
1.006812572479
1.006663560867
0.993596851826
0.981568813324
0.981869161129
0.981904506683
0.978900730610
0.976542830467
0.981348931789
0.986206293106
0.991613149643
0.997520685196
1.008634805679
1.017919659615
1.008757948875
1.000223040581
0.997819960117
0.996461093426
1.005021929741
1.013685584068
1.023297905922
1.029823541641
1.008646488190
0.989568412304
0.988817512989
0.989789783955
1.005409717560
1.018018960953
1.005703330040
0.996120393276
1.008586287498
1.018697738647
1.010286927223
1.003555774689
1.009713649750
1.014633059502
1.010277509689
1.007981777191
1.020748019218
1.029972910881
1.013902425766
1.000297546387
1.003902077675
1.008754611015
1.022121667862
1.033844470978
1.034595370293
1.033032178879
1.016360878944
1.003937840462
1.018656611443
1.030373454094
1.023314476013
1.016360878944
1.010052800179
1.006748676300
1.021467328072
1.031644940376
1.015123963356
1.001179099083
1.002080202103
0.999458134174
0.976929366589
0.959842562675
0.972909212112
0.980841517448
0.960866093636
0.944969534874
0.950826942921
0.952083051205
0.929253995419
0.911318361759
0.918527543545
0.922556698322
0.910541415215
0.897744238377
0.881072998047
0.864273786545
0.846851587296
0.825767159462
0.787167966366
0.751256406307
0.727976739407
0.706487715244
0.693270862103
0.678292393684
0.655313074589
0.632416248322
0.609887540340
0.588862955570
0.574444591999
0.561466038227
0.554707407951
0.550866842270
0.559427738190
0.569408833981
0.585329115391
0.608648359776
0.662416875362
0.704141855240
0.697082877159
0.691680133343
0.692881643772
0.694753944874
0.699259698391
0.707376778126
0.729454994202
0.745940685272
0.741134524345
0.738193929195
0.742249071598
0.748799920082
0.764569997787
0.772117614746
0.749739110470
0.731061160564
0.725654244423
0.717531085014
0.699808537960
0.678266763687
0.643422365189
0.614472687244
0.605761587620
0.587493598461
0.536879062653
0.489381313324
0.452284038067
0.422468215227
0.416610747576
0.411425590515
0.408421754837
0.401055216789
0.379728019238
0.356738567352
0.328502595425
0.307277053595
0.307877808809
0.306486546993
0.298976987600
0.293740630150
0.295392721891
0.295238018036
0.289680927992
0.286404967308
0.289859354496
0.287784904242
0.269611746073
0.254579037428
0.248571395874
0.242093965411
0.234284013510
0.225288331509
0.212972640991
0.202332764864
0.196325108409
0.187900826335
0.172881692648
0.161033511162
0.157729297876
0.151060640812
0.135440737009
0.119530990720
0.102859742939
0.086773455143
0.072204880416
0.054474387318
0.028641464189
0.011698441580
0.017255524173
0.016161272302
-0.001561315148
-0.014608771540
-0.016110686585
-0.017437942326
-0.018339090049
-0.018359417096
-0.016256736591
-0.017618622631
-0.027230873704
-0.033573169261
-0.032221443951
-0.031863469630
-0.033815961331
-0.033035643399
-0.025976644829
-0.019285032526
-0.013427566737
-0.010764774866
-0.015270518139
-0.018702711910
-0.019754052162
-0.019911395386
-0.018109098077
-0.018109098077
-0.022014074028
-0.023672202602
-0.020518183708
-0.016737801954
-0.011631293222
-0.005310831591
0.003550462425
0.005560919642
-0.006604585331
-0.005850616843
0.021334029734
0.039674323052
0.040124896914
0.042477894574
0.048635743558
0.059131450951
0.078205764294
0.092554129660
0.097660638392
0.107016168535
0.124588556588
0.147060051560
0.178900644183
0.220714837313
0.281392186880
0.321559160948
0.323361456394
0.334017157555
0.361051589251
0.383309304714
0.396826505661
0.412268012762
0.431192100048
0.452484667301
0.478017210960
0.501381576061
0.520906448364
0.535300731659
0.540707588196
0.545839726925
0.550495684147
0.556147634983
0.563507020473
0.566019594669
0.560312330723
0.553427219391
0.544565975666
0.538527786732
0.537176072598
0.521841824055
0.483543038368
0.453654944897
0.437434285879
0.425648212433
0.420992285013
0.416162431240
0.411055922508
0.402215331793
0.387496590614
0.368080109358
0.341346025467
0.322176486254
0.314666897058
0.309179455042
0.306776404381
0.305031716824
0.304280757904
0.302807062864
0.300253808498
0.298367202282
0.297466039658
0.291076689959
0.276658326387
0.266473531723
0.262418359518
0.257807582617
0.252400696278
0.249291852117
0.249442055821
0.244780853391
0.233366310596
0.218620061874
0.199245363474
0.183917939663
0.174155488610
0.163566052914
0.151851132512
0.137128606439
0.118354678154
0.106403730810
0.103550091386
0.091955989599
0.068826518953
0.050320599228
0.037854712456
0.027419229969
0.019609276205
0.015224739909
0.015224739909
0.015688488260
0.016739828512
0.018990442157
0.022745227441
0.020871786401
0.012010493316
0.005372709595
0.001467732713
0.001289309817
0.005644860677
0.013611405157
0.025927102193
0.033173181117
0.034374710172
0.037849441171
0.044007290155
0.050649967045
0.057859152555
0.064929068089
0.071837872267
0.076506227255
0.078608907759
0.082682520151
0.088990561664
0.099898442626
0.115968927741
0.134315997362
0.155192598701
0.186010450125
0.227763667703
0.270595341921
0.314601421356
0.339093923569
0.342548310757
0.356609463692
0.381991833448
0.407958388329
0.434542238712
0.466190844774
0.503137946129
0.531452953815
0.550827682018
0.574429154396
0.602364778519
0.616437613964
0.616437613964
0.630070805550
0.657405614853
0.668704986572
0.664049029350
0.669682919979
0.685452997684
0.699778437614
0.712694883347
0.723318934441
0.731729626656
0.742674410343
0.756041467190
0.763080894947
0.764132261276
0.772627651691
0.788097381592
0.809488952160
0.836373150349
0.851904630661
0.857011139393
0.861645638943
0.865850985050
0.866499185562
0.863945901394
0.869414567947
0.882030665874
0.894806325436
0.907722771168
0.911499023438
0.907293617725
0.907357633114
0.911112427711
0.908230900764
0.899670004845
0.893141806126
0.888335645199
0.879118621349
0.866202175617
0.844259202480
0.814821660519
0.777305424213
0.733149170876
0.699924111366
0.675593078136
0.653757750988
0.633932471275
0.619037568569
0.608073592186
0.584854125977
0.551962196827
0.518480062485
0.484536796808
0.460333377123
0.443662136793
0.424694001675
0.403967589140
0.387940764427
0.375474870205
0.368330031633
0.365176022053
0.353401988745
0.335228830576
0.323202610016
0.315693050623
0.302792400122
0.285970956087
0.273777961731
0.264916688204
0.260352969170
0.258851051331
0.250126391649
0.236308768392
0.221871957183
0.207002997398
0.187781140208
0.165552809834
0.148944795132
0.136178523302
0.124756067991
0.114242672920
0.098511338234
0.079286836088
0.068915724754
0.064409986138
0.054733369499
0.041666712612
0.032517082989
0.025908658281
0.020946694538
0.017041718587
0.009738424793
0.000276364764
-0.001623425051
0.001230212045
0.002972658258
0.004023998044
0.000147629267
-0.006761176046
-0.003214550437
0.006698083133
0.016048345715
0.025059832260
0.030589435250
0.034043837339
0.042978156358
0.055143661797
0.058202821761
0.055949952453
0.056173168123
0.057825274765
0.067030616105
0.080547846854
0.090321578085
0.097981341183
0.120481066406
0.151270315051
0.171224698424
0.185192495584
0.223536476493
0.275202333927
0.311366856098
0.339152246714
0.355389118195
0.365451931953
0.381605982780
0.400980681181
0.414931178093
0.426045328379
0.451415270567
0.484156996012
0.502886891365
0.514451622963
0.532500207424
0.553827404976
0.559835076332
0.558182954788
0.563767135143
0.572928786278
0.573212981224
0.569157838821
0.568849146366
0.570351064205
0.571954607964
0.573606729507
0.560059368610
0.539332985878
0.516763567924
0.493333727121
0.482132613659
0.476575523615
0.467718005180
0.457354784012
0.458171248436
0.464028686285
0.458250284195
0.447286337614
0.434654057026
0.421287000179
0.430941790342
0.450616866350
0.471237123013
0.492263942957
0.512025952339
0.531250476837
0.569091200829
0.614749372005
0.627925574780
0.627625167370
0.642558097839
0.663735091686
0.686729431152
0.710459709167
0.734297215939
0.758177697659
0.778936088085
0.798460960388
0.805021941662
0.806523859501
0.802496910095
0.796339094639
0.796055614948
0.798008084297
0.792865097523
0.785055160522
0.783598423004
0.784499585629
0.783971846104
0.782920479774
0.782530903816
0.782380700111
0.782673180103
0.783123791218
0.773580372334
0.760513722897
0.777753353119
0.805538773537
0.820132195950
0.830195009708
0.840930879116
0.851894855499
0.860720396042
0.868830740452
0.890492141247
0.916625499725
0.924630403519
0.926733076572
0.940658330917
0.958380937576
0.958310961723
0.952603638172
0.961429178715
0.974796175957
0.987474381924
0.999940276146
0.996395587921
0.987984836102
0.985583305359
0.984982550144
0.986468672752
0.988571345806
0.993814468384
0.999972343445
0.993644356728
0.983731687069
0.988452374935
0.997313678265
0.994313180447
0.988005161285
0.987234652042
0.987985610962
0.989800333977
0.991903007030
0.987958490849
0.982401371002
0.998968720436
1.021347284317
1.021054029465
1.014896273613
1.010533809662
1.006628870964
0.998761355877
0.989900052547
0.995493292809
1.004655003548
1.007050156593
1.007801055908
1.003340125084
0.997632861137
0.992411911488
0.987305402756
0.986467480659
0.986617684364
0.990193247795
0.994548857212
1.003076672554
1.012538671494
1.006491541862
0.997029423714
0.962750792503
0.923100233078
0.946732997894
0.983830332756
0.979065954685
0.965548753738
0.959631800652
0.955276250839
0.946796596050
0.937484741211
0.943841338158
0.953303396702
0.952833235264
0.950430214405
0.934534370899
0.916060864925
0.906440675259
0.898480534554
0.886587917805
0.873971819878
0.857920587063
0.841249346733
0.789996802807
0.732623696327
0.689584612846
0.649032890797
0.634153008461
0.623639643192
0.620592892170
0.618790626526
0.580966114998
0.537260413170
0.498863726854
0.461315840483
0.441949069500
0.425428003073
0.406171888113
0.386496782303
0.369825929403
0.353605270386
0.345113247633
0.337753862143
0.324876904488
0.311209499836
0.301230996847
0.291768938303
0.286799073219
0.282443493605
0.273185461760
0.263272821903
0.252297192812
0.241183027625
0.244993150234
0.250700443983
0.238501414657
0.224083036184
0.208458617330
0.192688509822
0.190490975976
0.189890220761
0.184033885598
0.177575647831
0.177198469639
0.177498862147
0.163164049387
0.147243753076
0.151298925281
0.157456770539
0.163887143135
0.170345380902
0.208777442575
0.250380456448
0.279514968395
0.307450562716
0.324394732714
0.340315014124
0.356924146414
0.373595386744
0.388470739126
0.403189510107
0.438825160265
0.476222813129
0.501952946186
0.526734530926
0.542463243008
0.557482361794
0.569289505482
0.580854296684
0.601240813732
0.622267603874
0.630236804485
0.637295782566
0.652097702026
0.667417228222
0.678784370422
0.689898490906
0.695775926113
0.701332986355
0.717817187309
0.734938979149
0.733136713505
0.730283081532
0.752252817154
0.775532543659
0.789514601231
0.803031802177
0.813824117184
0.824487686157
0.843635082245
0.863159954548
0.872448861599
0.881310164928
0.883956015110
0.886359035969
0.899486303329
0.913003563881
0.921725928783
0.930286824703
0.933312177658
0.936165809631
0.942524671555
0.948982834816
0.948998272419
0.948848128319
0.961029469967
0.973495364189
0.977571964264
0.981476962566
0.993497490883
1.005662918091
0.989721238613
0.973350405693
0.980560719967
0.988070309162
0.997512757778
1.006974816322
1.007642149925
1.008242964745
1.006452679634
1.004650473595
0.999552190304
0.994445681572
