0.941939592361
0.927234351635
0.912584364414
0.919937014580
0.927303612232
0.937441289425
0.947464287281
0.942339718342
0.937268733978
0.937491595745
0.937795341015
0.944479525089
0.950830340385
0.935345292091
0.920378148556
0.934414982796
0.947996139526
0.939306676388
0.930770456791
0.928876638412
0.927186608315
0.933425188065
0.939703702927
0.947390556335
0.954611659050
0.946813464165
0.939439892769
0.944675862789
0.949665546417
0.947883069515
0.946096420288
0.944202601910
0.942590177059
0.947714686394
0.952445328236
0.948323369026
0.944739222527
0.952537477016
0.959778666496
0.955879509449
0.952198207378
0.952643811703
0.953529179096
0.962330043316
0.970240235329
0.962887644768
0.956125795841
0.959022283554
0.961530089378
0.957965254784
0.954539954662
0.953203082085
0.952396154404
0.959191799164
0.964713394642
0.952681779861
0.942987740040
0.964265823364
0.982790887356
0.966191768646
0.951385140419
0.958626389503
0.965642571449
0.969987332821
0.973492205143
0.967364966869
0.961864352226
0.963312625885
0.964998185635
0.969231545925
0.972321510315
0.963520586491
0.955362975597
0.953691959381
0.952031254768
0.950471580029
0.949633419514
0.955649197102
0.961893677711
0.970248937607
0.976750254631
0.966612517834
0.956909835339
0.951005458832
0.945640504360
0.944860637188
0.944909214973
0.951816260815
0.958268761635
0.961053848267
0.963311195374
0.961417376995
0.959818899632
0.960487306118
0.960394620895
0.954601645470
0.949652969837
0.950878441334
0.952555298805
0.957457065582
0.962065637112
0.964627921581
0.966592192650
0.964475512505
0.962141036987
0.958353340626
0.955631077290
0.959864437580
0.962439239025
0.954418182373
0.947272419930
0.945601403713
0.944430649281
0.946324527264
0.943666756153
0.913699269295
0.884363293648
0.858740508556
0.825638890266
0.749438881874
0.675332963467
0.613058447838
0.554105103016
0.513554215431
0.473314940929
0.434769362211
0.396505177021
0.359742045403
0.322550058365
0.283113211393
0.248485729098
0.238570824265
0.233483955264
0.252756744623
0.274162113667
0.306134939194
0.341942906380
0.396419197321
0.445366352797
0.467869848013
0.492171436548
0.524924039841
0.555159091949
0.573763489723
0.596649765968
0.638983070850
0.677321493626
0.697819709778
0.717429518700
0.733137428761
0.747002542019
0.752906918526
0.758811295033
0.764715731144
0.773006439209
0.791276633739
0.814337968826
0.857116878033
0.889705300331
0.881015896797
0.870025753975
0.849861741066
0.824631750584
0.779513359070
0.731029391289
0.669534683228
0.608109474182
0.546948969364
0.487711697817
0.435686260462
0.391017943621
0.373527586460
0.349049836397
0.299141079187
0.255402237177
0.233789965510
0.214585572481
0.203890830278
0.193171247840
0.182365119457
0.171257451177
0.159114480019
0.144481539726
0.121421009302
0.096408277750
0.064881101251
0.037923976779
0.026003805920
0.016235761344
0.013450674713
0.009498503990
0.001811665017
-0.004400962498
-0.005960611161
-0.004784871824
0.004907229450
0.012820784003
0.015271659940
0.014626692049
0.004600381013
-0.003303959733
-0.004863608163
-0.005097862799
-0.001421548426
0.001884537865
0.004112607334
0.005161586683
0.002822113922
0.000860128610
-0.000031099087
0.001364375814
0.009162617847
0.014030865394
0.010800165124
0.007718840614
0.005045157392
0.002733326051
0.001396484557
0.000729180698
0.001843215316
0.001636602450
-0.002039711922
-0.005963961594
-0.010531503707
-0.012847523205
-0.009394015186
-0.008022831753
-0.011921952479
-0.014070447534
-0.011842378415
-0.009196896106
-0.005520581268
-0.005277392454
-0.013409845531
-0.020660284907
-0.025784842670
-0.026362800971
-0.016113681719
-0.010649049655
-0.016442030668
-0.017309803516
-0.006726475433
-0.002055347431
-0.010967624374
-0.016541706398
-0.014536444098
-0.011913018301
-0.007902493700
-0.005553807132
-0.006890648510
-0.008995308541
-0.012783026323
-0.004961329978
0.028014095500
0.059393852949
0.087356120348
0.128577351570
0.197870314121
0.264678031206
0.326284170151
0.374424129725
0.394699543715
0.428690999746
0.490742743015
0.543101549149
0.575854122639
0.610092103481
0.647300899029
0.676727592945
0.690764427185
0.704085111618
0.716005325317
0.729634225368
0.746567547321
0.762812376022
0.777740418911
0.802532315254
0.845979630947
0.870022118092
0.857767701149
0.840705394745
0.814748406410
0.788200855255
0.760572791100
0.717284023762
0.645651638508
0.577932000160
0.517217159271
0.466473281384
0.433386445045
0.406048476696
0.388780951500
0.358346581459
0.305095732212
0.263419091702
0.241584017873
0.222641527653
0.208604693413
0.197313576937
0.190629363060
0.184028923512
0.177567526698
0.160566061735
0.126253798604
0.093978621066
0.065013721585
0.043909050524
0.035442385823
0.030329555273
0.030552363023
0.024759661406
0.009497387335
0.004078823142
0.013993730769
0.019437422976
0.017989177257
0.016496818513
0.014937169850
0.012356462888
0.008234535344
0.006480279844
0.008262734860
0.013866133988
0.025117883459
0.028544586152
0.020523536950
0.016826003790
0.019388282672
0.018012631685
0.010994214565
0.008628775366
0.012862105854
0.016956392676
0.020855514333
0.023262554780
0.023596765473
0.021632546559
0.016507986933
0.012185588479
0.008954888210
0.009616329335
0.015520712361
0.015886751935
0.008868334815
0.006652270909
0.010774198920
0.013978374191
0.015983635560
0.018960537389
0.023193869740
0.022589946166
0.015794334933
0.008359898813
0.000116043018
-0.002395141870
0.002283803420
0.009149495512
0.018730193377
0.037956643850
0.069038212299
0.102733150125
0.139607697725
0.193563550711
0.268092453480
0.333220481873
0.387139767408
0.437278032303
0.482953429222
0.521230995655
0.550864279270
0.586489379406
0.629045486450
0.665837168694
0.696027517319
0.714626848698
0.720085620880
0.726804196835
0.734936594963
0.743121862411
0.751365721226
0.768574893475
0.795645892620
0.824956774712
0.856706738472
0.883310377598
0.904365658760
0.920517206192
0.931434750557
0.929189920425
0.913036406040
0.909405350685
0.918874621391
0.921010851860
0.915552020073
0.921369016171
0.938748002052
0.945567905903
0.941668748856
0.947048544884
0.961753785610
0.965067446232
0.957046389580
0.954132318497
0.956248998642
0.953628063202
0.946386814117
0.942206263542
0.940980792046
0.938217461109
0.933984160423
0.937535107136
0.948452651501
0.945968806744
0.930929362774
0.917103648186
0.904403626919
0.888567566872
0.869851768017
0.823184311390
0.751106321812
0.686591982841
0.628884971142
0.574653804302
0.523519635201
0.485703617334
0.459635227919
0.425657153130
0.384772092104
0.341377496719
0.295813500881
0.270779550076
0.263315528631
0.248312905431
0.226923435926
0.218378603458
0.220606669784
0.212000399828
0.194398656487
0.168236434460
0.135038197041
0.105095513165
0.077801667154
0.057418745011
0.042602084577
0.035843327641
0.035509116948
0.029508965090
0.019037041813
0.020698320121
0.031838666648
0.035314790905
0.032863914967
0.028583116829
0.022901540622
0.015635466203
0.007168803364
0.005895620678
0.010017548688
0.013691908680
0.017034010962
0.017101021484
0.014761549421
0.014679462649
0.016239112243
0.019159054384
0.023058176041
0.021817939356
0.016916187480
0.009923735633
0.001457072445
0.003160512308
0.011961385608
0.016083871946
0.016975099221
0.017403123900
0.017514526844
0.012841445394
0.004931799602
0.006631330587
0.014763782732
0.016530323774
0.014079446904
0.015733188018
0.020077923313
0.016990177333
0.009080531076
0.006598663051
0.007601294201
0.009693948552
0.012479035184
0.010680943727
0.006001998670
0.019318480045
0.043827243149
0.067439474165
0.090499989688
0.132463917136
0.185937583447
0.245320647955
0.308263599873
0.371415942907
0.434693127871
0.476946026087
0.506802141666
0.533351361752
0.557971537113
0.600604712963
0.653632760048
0.682761251926
0.698246359825
0.717647314072
0.739259600639
0.743574440479
0.738227069378
0.747159183025
0.763981044292
0.789014995098
0.818536937237
0.840393543243
0.858106672764
0.854404687881
0.839253783226
0.818127334118
0.793841421604
0.738612115383
0.667202472687
0.613930404186
0.570037484169
0.522827506065
0.473921388388
0.442476838827
0.419861942530
0.382021903992
0.336569309235
0.300584316254
0.269279927015
0.256457924843
0.252670198679
0.260674208403
0.274376839399
0.296598076820
0.322889298201
0.362648874521
0.408769905567
0.445094138384
0.476844131947
0.506459832191
0.535090565681
0.555458962917
0.572058081627
0.611077487469
0.660206377506
0.699009120464
0.733210027218
0.749003887177
0.756690740585
0.764998555183
0.773576617241
0.782544195652
0.791679263115
0.810352027416
0.833078324795
0.868828535080
0.910047769547
0.926701366901
0.933162748814
0.937806785107
0.941705942154
0.948221743107
0.955797195435
0.958757340908
0.959871411324
0.968012511730
0.978929996490
0.973500549793
0.961691796780
0.961140692234
0.964928388596
0.970087826252
0.975769400597
0.980884194374
0.985785961151
0.984594047070
0.981140494347
0.978502273560
0.976162791252
0.971369087696
0.965687513351
0.966983318329
0.970771014690
0.964345395565
0.954319059849
0.957350730896
0.964926183224
0.968604147434
0.970943629742
0.960303306580
0.945263803005
0.945084273815
0.949874639511
0.962203562260
0.977020263672
0.972507417202
0.961701333523
0.971216380596
0.987258493900
0.983250498772
0.972889959812
0.973648548126
0.977881908417
0.980752706528
0.983203589916
0.989071965218
0.995978951454
0.997914373875
0.998360037804
1.002331495285
1.007344603539
1.003298878670
0.996614694595
0.997374117374
1.000270605087
0.995091617107
0.987627625465
0.989833056927
0.994734823704
0.995703935623
0.995592534542
0.992061972618
0.987605810165
0.986315906048
0.985870242119
0.983130693436
0.979788541794
0.979544281960
0.980101287365
0.988205254078
0.998231589794
0.988930404186
0.974782168865
0.981183528900
0.992658019066
0.988896310329
0.981432259083
0.981879830360
0.984219312668
0.996028065681
1.010064959526
1.011798739433
1.010684728622
1.001857638359
0.991274297237
0.988882899284
0.988325893879
0.973069489002
0.954576492310
0.903389573097
0.845125555992
0.822410941124
0.807260096073
0.756451725960
0.698187708855
0.634009003639
0.568615138531
0.526024699211
0.488036125898
0.457113713026
0.427591800690
0.378020048141
0.324546366930
0.301939010620
0.285228490829
0.267110764980
0.248729199171
0.239945068955
0.232926651835
0.227040708065
0.221359133720
0.197599202394
0.170639559627
0.140547230840
0.109911270440
0.091938182712
0.076118886471
0.065074034035
0.054824914783
0.054918728769
0.056701183319
0.055121991783
0.053005326539
0.051851920784
0.050849292427
0.050716109574
0.050716109574
0.046550065279
0.041759718210
0.040370106697
0.039478879422
0.042680259794
0.046467978507
0.052014697343
0.057807676494
0.073890820146
0.091381162405
0.112409614027
0.133910492063
0.166647180915
0.200848042965
0.276660203934
0.357761919498
0.419634670019
0.479124128819
0.516944885254
0.552148401737
0.580374479294
0.607779741287
0.651477813721
0.697041869164
0.721857190132
0.744360685349
0.763647735119
0.782586276531
0.792050302029
0.800516963005
0.801403164864
0.801514565945
0.826254546642
0.853436946869
0.882042229176
0.910784304142
0.931883156300
0.952269971371
0.958452463150
0.963354229927
0.960160911083
0.956261754036
0.965925395489
0.976731598377
0.974556267262
0.971325576305
0.970057666302
0.968943655491
0.967829585075
0.966715574265
0.966017007828
0.965348601341
0.974573850632
0.984488725662
0.982917129993
0.980577647686
0.980436921120
0.980436921120
0.979282081127
0.978056669235
0.970515549183
0.962605893612
0.964722573757
0.967396318913
0.962027668953
0.956234693527
0.958823502064
0.961831390858
0.972285747528
0.983091890812
0.993364751339
1.003613829613
0.995469987392
0.986557662487
0.985900998116
0.985566794872
0.983082652092
0.980520427227
0.988304436207
0.996436893940
0.997329771519
0.997998178005
0.991299986839
0.984392940998
0.998230755329
1.012601852417
1.018914937973
1.025042057037
1.008898615837
0.992299556732
1.010833501816
1.029994964600
1.018981099129
1.007506489754
1.001972317696
0.996513605118
0.994804561138
0.993133544922
0.999644398689
1.006217241287
1.002924799919
0.999582707882
0.993906974792
0.988225400448
