0.943075239658
0.929060101509
0.915092766285
0.920151889324
0.925214052200
0.930888473988
0.936500728130
0.933902800083
0.931411087513
0.939409971237
0.947334289551
0.949385285378
0.951296508312
0.944049656391
0.937076270580
0.945416986942
0.953552067280
0.951637804508
0.949375033379
0.932009935379
0.915501594543
0.932319760323
0.948789238930
0.952959597111
0.956807076931
0.950243890285
0.943997025490
0.947141885757
0.950452268124
0.958314478397
0.965829670429
0.964462280273
0.963338971138
0.968056261539
0.972569644451
0.972501277924
0.972621083260
0.976723015308
0.980886876583
0.986287832260
0.991209030151
0.987038671970
0.982943892479
0.980209231377
0.978096544743
0.986642360687
0.995247304440
1.004818558693
1.013119220734
1.001565337181
0.990388333797
0.984850585461
0.980515718460
0.993437051773
1.005266547203
1.002053260803
0.999406158924
1.004260182381
1.008572578430
1.005974650383
1.003068327904
0.996368408203
0.990736126900
0.997777879238
1.003646373749
0.996057629585
0.989458382130
0.993833839893
0.998826861382
1.010449171066
1.020356297493
1.012425899506
1.004791378975
1.000142455101
0.996026039124
0.997119903564
0.998226761818
0.999457359314
1.001282691956
1.008597970009
1.013822793961
1.000286221504
0.988625347614
0.993342638016
0.997728884220
0.999301314354
1.000851631165
1.002218961716
1.004249691963
1.011633276939
1.017945170403
1.015825867653
1.013698577881
1.011510848999
1.008759379387
1.001785993576
0.996260106564
1.001319289207
1.005748748779
1.005680322647
1.006751418114
1.015775799751
1.022589325905
1.014316916466
1.007683992386
1.011991143227
1.016080260277
1.018746614456
1.019950985909
1.011815309525
1.005366563797
1.009468555450
1.012860536575
1.011903405190
1.008846402168
0.993190526962
0.977842628956
0.964306056499
0.944804966450
0.890932083130
0.838673293591
0.795534014702
0.753147244453
0.714930355549
0.674790620804
0.624199390411
0.576889693737
0.547081887722
0.513315320015
0.458827197552
0.409194976091
0.384514629841
0.362118661404
0.351248383522
0.343190729618
0.349070250988
0.358235478401
0.383394390345
0.408304989338
0.432028204203
0.454252123833
0.469429492950
0.486078917980
0.509528636932
0.534261405468
0.564821243286
0.594718158245
0.621654570103
0.649947702885
0.684199333191
0.716818928719
0.742388010025
0.764597356319
0.772527933121
0.781659066677
0.795810937881
0.814680576324
0.852965891361
0.887095510960
0.904392302036
0.917480766773
0.913788974285
0.906946659088
0.887735664845
0.864056646824
0.823105096817
0.779622137547
0.726501286030
0.674143314362
0.624645888805
0.579313874245
0.549369335175
0.516271352768
0.471696376801
0.428805887699
0.391956299543
0.357353389263
0.330690443516
0.304774731398
0.281461745501
0.259706258774
0.243298292160
0.224645018578
0.198392257094
0.170894160867
0.139240458608
0.109132438898
0.084110274911
0.062357719988
0.051213968545
0.041111998260
0.034343708307
0.029516413808
0.030815377831
0.031781930476
0.031713563949
0.030923152342
0.027915025130
0.025670237839
0.025738604367
0.025344340131
0.023566810414
0.023208355531
0.027036882937
0.030236233026
0.031603563577
0.031982578337
0.029521381482
0.027398763224
0.026236532256
0.026027834043
0.028489030898
0.029697010294
0.027440914884
0.026431523263
0.028824351728
0.029440678656
0.025270318612
0.021828345954
0.020324282348
0.017953213304
0.013304286636
0.010062786750
0.010472985916
0.010153942741
0.007966212928
0.005081452429
0.000432526605
-0.003513200209
-0.005700930022
-0.006253174040
-0.002766479971
-0.002281060209
-0.009117715061
-0.015332903713
-0.020050195977
-0.021188780665
-0.013805193827
-0.009296599776
-0.011552696116
-0.013870476745
-0.016331672668
-0.017237914726
-0.014571619220
-0.012971431017
-0.013791829348
-0.013832437806
-0.012123274617
-0.010201643221
-0.007808813360
-0.008136081509
-0.014425804839
-0.014562537894
-0.001367792720
0.014612332918
0.036557994783
0.064008623362
0.103114292026
0.145203933120
0.193539083004
0.233721658587
0.257034659386
0.291817635298
0.350065946579
0.402094453573
0.441541939974
0.482812553644
0.527729392052
0.569868028164
0.606512486935
0.638646304607
0.661959290504
0.681124389172
0.692268133163
0.704961180687
0.720617115498
0.741333186626
0.771619558334
0.798762142658
0.820024192333
0.835025250912
0.838443577290
0.838455379009
0.832233965397
0.810002863407
0.758796334267
0.709059953690
0.661955356598
0.617416858673
0.577422440052
0.541601955891
0.513093113899
0.479580998421
0.437398821115
0.398062855005
0.363606125116
0.330823063850
0.300878524780
0.275120943785
0.256388515234
0.241896852851
0.234444901347
0.221895962954
0.200975790620
0.173883095384
0.136760070920
0.107763908803
0.091834500432
0.080258958042
0.075610034168
0.065277606249
0.045998238027
0.035646613687
0.039201676846
0.042407020926
0.045073315501
0.047062799335
0.048019934446
0.044917736202
0.035688251257
0.033093232661
0.040408454835
0.045737449080
0.048130277544
0.047997143120
0.044168617576
0.043775379658
0.048355940729
0.050576053560
0.049413822591
0.048477765173
0.047862466425
0.047816034406
0.048568066210
0.049091178924
0.049296278507
0.048839304596
0.047471970320
0.044483032078
0.039287175983
0.038431480527
0.043422237039
0.045981101692
0.045297436416
0.044260114431
0.042756050825
0.038109865040
0.029358947650
0.025914916769
0.029333245009
0.028313742951
0.021613821387
0.015667816624
0.010677058250
0.007748604752
0.007406772114
0.009321892634
0.014039183967
0.023234399036
0.037933208048
0.054667592049
0.073878593743
0.106828533113
0.156325921416
0.204544737935
0.251239091158
0.298842787743
0.347519755363
0.389544457197
0.423796117306
0.457065075636
0.489197373390
0.531878650188
0.586640298367
0.620030224323
0.629191339016
0.645761430264
0.670646846294
0.687954366207
0.696842014790
0.715724170208
0.745600342751
0.771843910217
0.794131398201
0.821583926678
0.854604959488
0.877076804638
0.888288915157
0.892221271992
0.888461112976
0.891517043114
0.901703655720
0.906886339188
0.906886339188
0.912759721279
0.924655497074
0.935329914093
0.944764494896
0.948129713535
0.945395052433
0.947218120098
0.953576207161
0.957592368126
0.959301531315
0.959245502949
0.957467973232
0.952768683434
0.945248365402
0.943180918694
0.946325778961
0.954739511013
0.968139350414
0.971020698547
0.964047312737
0.958563566208
0.954461574554
0.947757899761
0.938665151596
0.915247976780
0.878808617592
0.834273159504
0.782451331615
0.737426400185
0.698457479477
0.660977840424
0.624811947346
0.583427071571
0.537484705448
0.502249360085
0.476270079613
0.441081017256
0.398010104895
0.367189615965
0.346748024225
0.329169422388
0.313992023468
0.298739969730
0.283425867558
0.263008415699
0.238396465778
0.207263112068
0.170823752880
0.142071411014
0.119510442019
0.106839500368
0.102053843439
0.095128431916
0.086514241993
0.082889616489
0.083163082600
0.082010105252
0.079754009843
0.078659631312
0.078454531729
0.071014910936
0.058093633503
0.053845141083
0.056101236492
0.057180196047
0.057385295630
0.054477058351
0.049281202257
0.050616148859
0.056700769812
0.056782845408
0.052544120699
0.050860486925
0.050997219980
0.046362686902
0.038363799453
0.039545565844
0.047134250402
0.050153516233
0.050016783178
0.047768399119
0.044076606631
0.039977010339
0.035601552576
0.033519368619
0.032972436398
0.031356312335
0.029031850398
0.027781033888
0.027234101668
0.021296663210
0.011862077750
0.011046305299
0.015763597563
0.018181443214
0.019138574600
0.015813801438
0.009797545150
0.008965837769
0.011358667165
0.028141029179
0.053778488189
0.074614182115
0.092526219785
0.127674862742
0.173206984997
0.222465857863
0.273945868015
0.321082115173
0.365657120943
0.402632623911
0.435175091028
0.470882147551
0.508415400982
0.548864543438
0.590978384018
0.624921560287
0.654250860214
0.671517431736
0.682045876980
0.694115579128
0.707036852837
0.725174546242
0.746163070202
0.777891159058
0.815424442291
0.838122606277
0.852889776230
0.852317690849
0.843635141850
0.817444562912
0.782099068165
0.745536863804
0.708345413208
0.665544867516
0.619876027107
0.581426739693
0.546628177166
0.513607144356
0.481474846601
0.441199243069
0.396897733212
0.364443659782
0.337780684233
0.316740930080
0.298418670893
0.300174623728
0.311523467302
0.329930365086
0.351670950651
0.369310200214
0.385034501553
0.400057166815
0.414755970240
0.436262279749
0.460874259472
0.492035865784
0.526150763035
0.563103139400
0.601320028305
0.632987141609
0.661769449711
0.685645520687
0.707386076450
0.725732445717
0.742618978024
0.759841382504
0.777206480503
0.802323400974
0.830695509911
0.856651663780
0.881605446339
0.900497913361
0.916905939579
0.931756675243
0.945976912975
0.956681191921
0.965979039669
0.968955278397
0.969433844090
0.967748701572
0.965219080448
0.959531307220
0.952626347542
0.960230290890
0.973356664181
0.980917751789
0.986387073994
0.978792726994
0.966350018978
0.960411548615
0.956856429577
0.953200995922
0.949509203434
0.951610565186
0.955780923367
0.949791431427
0.940220117569
0.946472823620
0.958231866360
0.966683089733
0.973998308182
0.966097474098
0.953039467335
0.953455448151
0.958377838135
0.962477803230
0.966306328773
0.963378548622
0.958250999451
0.967353701591
0.981027066708
0.984109222889
0.983835697174
0.983666419983
0.983529686928
0.985013067722
0.986995697021
0.990603685379
0.994705677032
0.994546830654
0.993111133575
0.996636211872
1.001626968384
0.996558070183
0.988559186459
0.981941342354
0.975719988346
0.975466907024
0.976902604103
0.984593093395
0.994027674198
0.994345009327
0.992157280445
0.990184783936
0.988270461559
0.991591632366
0.996308982372
0.987652420998
0.975483179092
0.984062731266
0.998009502888
0.994465768337
0.986466884613
0.980053126812
0.974036872387
0.979699492455
0.988245308399
0.983700752258
0.975975334644
0.975698232651
0.977202296257
0.983410596848
0.990725874901
0.988992035389
0.985163509846
0.986346781254
0.988671243191
0.987253189087
0.984997093678
0.981620430946
0.977996945381
0.929244101048
0.870722293854
0.874999403954
0.892638027668
0.867416441441
0.833233118057
0.780901014805
0.724840402603
0.687950611115
0.654929518700
0.615175664425
0.574087381363
0.533285200596
0.492538750172
0.451160877943
0.409662395716
0.378354102373
0.348956465721
0.326026111841
0.304285526276
0.296039074659
0.290227919817
0.267165243626
0.241049215198
0.211845561862
0.182106107473
0.154061093926
0.126304268837
0.106634229422
0.088311992586
0.086269393563
0.086884692311
0.082371987402
0.077039390802
0.074426047504
0.072238318622
0.072481282055
0.073096580803
0.068301327527
0.062695272267
0.055658139288
0.048411287367
0.045828778297
0.043914511800
0.048716962337
0.054459754378
0.056834593415
0.058748856187
0.069408550858
0.081235967577
0.100623965263
0.120997197926
0.160113155842
0.201611652970
0.252355903387
0.304246127605
0.341923624277
0.377884447575
0.409930378199
0.441515713930
0.476781547070
0.512468934059
0.544711530209
0.576570332050
0.613610625267
0.651212215424
0.669205665588
0.685135066509
0.688597083092
0.690784811974
0.708833098412
0.728454291821
0.758553564548
0.789660334587
0.818140387535
0.846375763416
0.852222919464
0.856051445007
0.865665256977
0.875783503056
0.880668163300
0.885111987591
0.889998435974
0.894920825958
0.891918540001
0.888295114040
0.890265762806
0.892658531666
0.897282302380
0.902067959309
0.914778649807
0.928041756153
0.928424179554
0.927945673466
0.928366661072
0.928845167160
0.925844788551
0.922631561756
0.925942659378
0.929634392262
0.933326184750
0.937017977238
0.926098406315
0.914407730103
0.915088117123
0.916387081146
0.922908604145
0.929676890373
0.949077725410
0.969040751457
0.958619415760
0.946928799152
0.948989570141
0.951587498188
0.951282799244
0.950872600079
0.957671582699
0.964713335037
0.963068425655
0.961154103279
0.964624881744
0.968248307705
0.971938431263
0.975630223751
0.980992615223
0.986393570900
0.983822047710
0.981087386608
0.988091945648
0.995270431042
0.987028419971
0.978550910950
0.976486921310
0.974504292011
0.985787212849
0.997204422951
0.995186805725
0.993067443371
0.988363206387
0.983645856380
0.980906248093
0.978171586990
