0.809796392918
0.801179707050
0.792576313019
0.789257347584
0.785990118980
0.793011128902
0.799968779087
0.798564553261
0.797274291515
0.807231307030
0.817049980164
0.815964937210
0.815009415150
0.822540998459
0.829976260662
0.832018733025
0.833977997303
0.831871747971
0.829666078091
0.823155760765
0.817154109478
0.830940723419
0.844472229481
0.849003970623
0.853407084942
0.853662371635
0.854061186314
0.858720541000
0.863507568836
0.871805071831
0.880181789398
0.890585601330
0.901112258434
0.914579749107
0.927761733532
0.934527397156
0.941399574280
0.950526893139
0.959663271904
0.968981981277
0.977632045746
0.973610937595
0.969804823399
0.969868659973
0.970365345478
0.978279948235
0.986242353916
0.994986653328
1.002751946449
0.995220363140
0.987768769264
0.981513679028
0.976348340511
0.986815989017
0.996847391129
1.000868558884
1.004455208778
1.002285003662
1.000314354897
1.000888824463
1.001112937927
0.997027993202
0.993344724178
0.994429826736
0.995105326176
0.991084218025
0.987348198891
0.986773729324
0.986900925636
0.994560182095
1.001418828964
0.999950766563
0.998528838158
0.997571408749
0.996460139751
0.993843197823
0.991864562035
0.995949506760
1.000652074814
1.011055946350
1.018804311752
1.002719759941
0.988281607628
0.988217771053
0.988174080849
0.988301753998
0.989241063595
0.996900320053
1.003700852394
1.003573179245
1.003301620483
1.001897335052
1.000890493393
1.002933025360
1.004652142525
1.003950119019
1.004507303238
1.014272809029
1.021106839180
1.007001042366
0.995046794415
0.998110532761
1.001035571098
1.003014087677
1.005017638206
1.007187843323
1.008696675301
1.005888223648
1.004315137863
1.010634064674
1.015422105789
1.010635018349
1.005319356918
0.996766567230
0.989736497402
0.991842806339
0.992752254009
0.986624836922
0.977675437927
0.952463746071
0.928394198418
0.910777926445
0.893727660179
0.879813373089
0.863062500954
0.830893695354
0.801183879375
0.784588873386
0.765086233616
0.730364322662
0.697347700596
0.673093378544
0.649810433388
0.631428241730
0.612713813782
0.592352986336
0.573351860046
0.560969412327
0.551556169987
0.556343197823
0.558935463428
0.551212370396
0.544250249863
0.540803611279
0.538462638855
0.541143357754
0.543684005737
0.545598804951
0.551810681820
0.576894700527
0.602986514568
0.633432030678
0.661202847958
0.677606403828
0.694478034973
0.713307023048
0.733945190907
0.762029111385
0.786523938179
0.796481013298
0.806310057640
0.815628767014
0.823120534420
0.823439657688
0.822683155537
0.817768514156
0.808897197247
0.784962058067
0.763244092464
0.749840378761
0.737660467625
0.730001211166
0.718655049801
0.693890094757
0.669166982174
0.644593596458
0.618499875069
0.587033152580
0.553359627724
0.511999726295
0.472007483244
0.436711132526
0.402142614126
0.370037615299
0.339772254229
0.315645635128
0.289986670017
0.259285867214
0.230900734663
0.210029304028
0.190419197083
0.174845397472
0.159363731742
0.144172891974
0.130844071507
0.123312488198
0.117238841951
0.115643166006
0.116502188146
0.124799706042
0.129881873727
0.125350162387
0.124227501452
0.133163288236
0.139243647456
0.137009710073
0.135764360428
0.137360036373
0.137791156769
0.134918928146
0.132701784372
0.132318824530
0.132003679872
0.131876021624
0.131423160434
0.130082800984
0.128034099936
0.124076813459
0.119300022721
0.112342879176
0.107215754688
0.106896623969
0.104322426021
0.095897257328
0.087042093277
0.077085070312
0.068194553256
0.062003333122
0.053459625691
0.039034713060
0.027166880667
0.021613929421
0.015281613916
0.007047924213
0.000479976996
-0.002073104959
-0.004720567726
-0.007592784707
-0.009570303373
-0.009442648850
-0.011330585927
-0.017904771492
-0.020472250879
-0.013834238052
-0.009323474020
-0.009642608464
-0.008800859563
-0.005354199093
-0.001768686692
0.002124763327
0.001439142507
-0.009283801541
-0.015189482830
-0.010657762177
-0.003606873564
0.008839400485
0.024623237550
0.047473322600
0.067764565349
0.082700088620
0.093913175166
0.097423665226
0.113277092576
0.154381707311
0.188201397657
0.207285687327
0.228220969439
0.252858191729
0.280710786581
0.314922064543
0.346282750368
0.372068881989
0.401031345129
0.436136215925
0.467756509781
0.492712885141
0.517006993294
0.540048599243
0.558909893036
0.569951951504
0.586615264416
0.613677978516
0.633635640144
0.640592813492
0.642438948154
0.635035037994
0.626418709755
0.615631937981
0.605075538158
0.594927012920
0.583804309368
0.570975124836
0.558029115200
0.544880688190
0.530862271786
0.515352308750
0.495107263327
0.466831892729
0.438437342644
0.409842818975
0.381872177124
0.354937165976
0.331818640232
0.314968317747
0.298288166523
0.281884640455
0.264404177666
0.245192229748
0.230636313558
0.223487675190
0.208528637886
0.181274488568
0.161581680179
0.153667122126
0.147811993957
0.145131260157
0.141313150525
0.135760203004
0.132216602564
0.131705984473
0.132807835937
0.136318325996
0.139468252659
0.142085164785
0.141462728381
0.136101245880
0.135042101145
0.140212103724
0.144149065018
0.146319180727
0.148489311337
0.150659427047
0.153068527579
0.155813097954
0.155084773898
0.149531811476
0.145510703325
0.143595889211
0.138301759958
0.128408581018
0.124824501574
0.129739180207
0.131945773959
0.130541592836
0.123717054725
0.109738923609
0.095954522491
0.082423187792
0.071953631938
0.065443269908
0.058792944998
0.051963448524
0.045359190553
0.039040312171
0.032466609031
0.025573285297
0.022410087287
0.023878108710
0.024773446843
0.024964928627
0.031548712403
0.045909799635
0.065222039819
0.090497553349
0.111260376871
0.126642689109
0.144366934896
0.164855420589
0.183048054576
0.198558017612
0.219631671906
0.247141137719
0.272329777479
0.294860720634
0.318588227034
0.343672245741
0.374199658632
0.410836368799
0.440307676792
0.461817383766
0.487308710814
0.517179727554
0.540390074253
0.556346833706
0.576972067356
0.602630555630
0.626097023487
0.647223770618
0.662329971790
0.671074271202
0.689426243305
0.717829287052
0.733941674232
0.737324535847
0.747419774532
0.764397740364
0.775167763233
0.779635667801
0.790629386902
0.808181881905
0.816168248653
0.814636349678
0.818763554096
0.828465223312
0.833546102047
0.834120571613
0.833883166313
0.832861959934
0.836148321629
0.843552231789
0.851939976215
0.861258745193
0.864481091499
0.861991822720
0.864469587803
0.871554374695
0.876942276955
0.880771934986
0.867115974426
0.837563991547
0.812782347202
0.792293846607
0.782032608986
0.780883729458
0.775020897388
0.765000045300
0.748811960220
0.727238416672
0.716722130775
0.715764701366
0.698195517063
0.666409611702
0.641568899155
0.622612297535
0.591436684132
0.550012946129
0.524595856667
0.512468695641
0.492704391479
0.466662973166
0.444950252771
0.426759541035
0.402770966291
0.374112635851
0.353231579065
0.338551372290
0.319162338972
0.296056956053
0.280261427164
0.270176768303
0.260236054659
0.250406712294
0.243288785219
0.238246440887
0.228846594691
0.216145008802
0.205814152956
0.197261333466
0.190173804760
0.184174060822
0.176555454731
0.167747318745
0.164519011974
0.165348768234
0.164360001683
0.162062227726
0.159950822592
0.157972186804
0.154833137989
0.150875851512
0.148986160755
0.148539379239
0.144996896386
0.139316290617
0.132270827889
0.124292448163
0.119055278599
0.115672446787
0.113742433488
0.112785026431
0.106990203261
0.097990587354
0.084557473660
0.068217754364
0.055981513113
0.046407457441
0.040020912886
0.035680674016
0.031301401556
0.026897335425
0.022767614573
0.018810337409
0.016230380163
0.014507050626
0.014482735656
0.015503968112
0.027673019096
0.046629652381
0.071839898825
0.100817374885
0.117117427289
0.125861734152
0.145687952638
0.172048524022
0.190306410193
0.203837752342
0.226110979915
0.253428965807
0.277455747128
0.299603760242
0.325708538294
0.354047745466
0.386727839708
0.421832710505
0.453895330429
0.484277009964
0.508220314980
0.528644919395
0.551514089108
0.575704514980
0.596359670162
0.615124821663
0.631009161472
0.645370244980
0.645774781704
0.638881504536
0.635690450668
0.634413897991
0.624859988689
0.611073315144
0.606146514416
0.605699717999
0.589721679688
0.565978050232
0.547658741474
0.532021105289
0.514111280441
0.495090812445
0.468195617199
0.437494814396
0.420356035233
0.409696936607
0.400598466396
0.392237126827
0.392099380493
0.395801365376
0.395267218351
0.392777949572
0.388228654861
0.382739514112
0.389787852764
0.402489453554
0.412939339876
0.422385722399
0.439763784409
0.460635215044
0.492001831532
0.527936458588
0.559854328632
0.590044498444
0.615979552269
0.640106141567
0.660636723042
0.679657161236
0.700978279114
0.723253965378
0.749151229858
0.776533007622
0.800053238869
0.822009742260
0.843373537064
0.864500284195
0.871307075024
0.872455954552
0.878425478935
0.886276245117
0.893435895443
0.900329172611
0.905142128468
0.909163236618
0.915457487106
0.922606170177
0.922213613987
0.919022202492
0.914990067482
0.910649836063
0.902091264725
0.892006576061
0.888835430145
0.888133287430
0.876624584198
0.861306071281
0.865495920181
0.876474201679
0.876857638359
0.873602449894
0.874732971191
0.877349853516
0.878197073936
0.878452360630
0.882402956486
0.887572944164
0.889372408390
0.890074491501
0.900293707848
0.913569748402
0.924470722675
0.934619188309
0.943114280701
0.951092660427
0.957363426685
0.963107824326
0.968069076538
0.972792267799
0.975109040737
0.976704716682
0.980024874210
0.983854472637
0.981109917164
0.976450562477
0.974221050739
0.972689211369
0.971853852272
0.971215605736
0.975767970085
0.981767714024
0.981859207153
0.980327367783
0.980001032352
0.980001032352
0.981159985065
0.982628047466
0.981012523174
0.978587090969
0.984985172749
0.993665635586
0.988102614880
0.978911519051
0.977068662643
0.977068662643
0.976607978344
0.976033508778
0.977050900459
0.978455126286
0.980940997601
0.983685553074
0.979196369648
0.973005175591
0.973914563656
0.976467669010
0.982867956161
0.990144252777
0.988398730755
0.984632909298
0.984267234802
0.984650194645
0.942375540733
0.890867114067
0.907776832581
0.939243555069
0.930590450764
0.913548588753
0.891423642635
0.868254423141
0.852573633194
0.838403999805
0.819014012814
0.798589348793
0.774157524109
0.748945891857
0.725717008114
0.702866911888
0.668353259563
0.631652712822
0.602337658405
0.574381411076
0.550155937672
0.526603758335
0.496110290289
0.464388251305
0.441042095423
0.419149398804
0.396002113819
0.372641414404
0.357487052679
0.343700408936
0.324371993542
0.304138809443
0.283135265112
0.262008517981
0.250429421663
0.240344747901
0.232640072703
0.225299954414
0.224010288715
0.223627328873
0.208937510848
0.192150995135
0.181784778833
0.172338381410
0.168210893869
0.164828062057
0.165319487453
0.166340723634
0.169389069080
0.172708064318
0.174445956945
0.175977796316
0.196933224797
0.220357745886
0.236797302961
0.252371102571
0.258776187897
0.264073818922
0.285590261221
0.309014797211
0.327571511269
0.345570743084
0.359205424786
0.372353792191
0.391088217497
0.410427808762
0.433578819036
0.457130998373
0.477903574705
0.498392045498
0.514467358589
0.530104935169
0.544228672981
0.558206796646
0.570666849613
0.582985460758
0.602973878384
0.623653829098
0.639167487621
0.654230654240
0.670059144497
0.685952067375
0.700723469257
0.715403676033
0.721915960312
0.727788031101
0.731345593929
0.734728395939
0.744181036949
0.754074215889
0.770888924599
0.788186013699
0.797107279301
0.805468618870
0.803512036800
0.800895154476
0.803631365299
0.806695103645
0.812774181366
0.819029271603
0.816879272461
0.814262390137
0.820618331432
0.827447831631
0.828016161919
0.828271508217
0.832975983620
0.837890684605
0.857715606689
0.878204107285
0.870999634266
0.862638294697
0.869142413139
0.876227200031
0.886884093285
0.897670865059
0.900306940079
0.902668535709
0.914563953876
0.926754891872
0.938511371613
0.950255572796
0.952914535999
0.955339968204
0.959013164043
0.962715148926
0.966542184353
0.970371782780
0.967742562294
0.964998006821
0.964453816414
0.963943183422
0.965701520443
0.967488646507
0.980333626270
0.993290543556
0.991044104099
0.988682508469
0.985241234303
0.981794595718
0.979048252106
0.976303696632
