0 : (798,) (798, 256) (256,) 0.603484737595824
1 : (798,) (798, 256) (256,) 0.5975560666563282
2 : (798,) (798, 256) (256,) 0.49500471451826794
3 : (798,) (798, 256) (256,) 0.48916600880978955
4 : (798,) (798, 256) (256,) 0.43135185548993504
5 : (798,) (798, 256) (256,) 0.4242086064113698
6 : (798,) (798, 256) (256,) 0.33210243912111864
7 : (798,) (798, 256) (256,) 0.4688355550517221
8 : (798,) (798, 256) (256,) 0.5933667399040958
9 : (798,) (798, 256) (256,) 0.35106443992232084
10 : (798,) (798, 256) (256,) 0.33206086197987383
11 : (798,) (798, 256) (256,) 0.349916011549072
12 : (798,) (798, 256) (256,) 0.4775133346756626
13 : (798,) (798, 256) (256,) 0.7857683476892275
14 : (798,) (798, 256) (256,) 0.5373548449789673
15 : (798,) (798, 256) (256,) 0.6205982186767587
16 : (798,) (798, 256) (256,) 0.6006543636764983
17 : (798,) (798, 256) (256,) 1.2080943025161994
18 : (798,) (798, 256) (256,) 1.7079422486141937
19 : (804,) (804, 256) (256,) 0.5341155078429283
20 : (804,) (804, 256) (256,) 0.6648625143870058
21 : (804,) (804, 256) (256,) 1.0667965079521697
22 : (804,) (804, 256) (256,) 0.6271358844863454
23 : (804,) (804, 256) (256,) 0.4658852394300932
24 : (804,) (804, 256) (256,) 0.6461174542924074
25 : (804,) (804, 256) (256,) 1.3116246875962838
26 : (804,) (804, 256) (256,) 0.52766266497014
27 : (793,) (793, 256) (256,) 0.7450460407420522
28 : (793,) (793, 256) (256,) 0.67288842439489
29 : (793,) (793, 256) (256,) 0.6072345884143112
30 : (793,) (793, 256) (256,) 0.570964000844302
31 : (793,) (793, 256) (256,) 0.8238509213211611
32 : (793,) (793, 256) (256,) 0.6692392865373296
33 : (793,) (793, 256) (256,) 0.6200997621861355
34 : (793,) (793, 256) (256,) 0.4954188399141647
35 : (793,) (793, 256) (256,) 0.49742738022942806
36 : (793,) (793, 256) (256,) 0.5956587158123436
37 : (793,) (793, 256) (256,) 1.2794753464132511
38 : (793,) (793, 256) (256,) 1.0033195169263025
39 : (793,) (793, 256) (256,) 0.7167338311664411
40 : (793,) (793, 256) (256,) 0.5667229065680106
41 : (793,) (793, 256) (256,) 0.4575392928409739
42 : (793,) (793, 256) (256,) 0.4829815258563434
43 : (793,) (793, 256) (256,) 0.6212252939451253
44 : (793,) (793, 256) (256,) 1.3474860128115307
45 : (793,) (793, 256) (256,) 1.062929458251394
46 : (793,) (793, 256) (256,) 0.7745904608076309
47 : (793,) (793, 256) (256,) 0.5663782718415216
48 : (793,) (793, 256) (256,) 0.4455189430591952
49 : (793,) (793, 256) (256,) 0.4748689354560676
50 : (793,) (793, 256) (256,) 0.6760675009291051
51 : (793,) (793, 256) (256,) 1.276093266582254
52 : (793,) (793, 256) (256,) 0.9872312016585857
53 : (793,) (793, 256) (256,) 0.7299049049470845
54 : (793,) (793, 256) (256,) 0.5478533570372166
55 : (793,) (793, 256) (256,) 0.5319367370680352
56 : (803,) (803, 256) (256,) 0.6299546195285842
57 : (803,) (803, 256) (256,) 0.9341705842538782
58 : (803,) (803, 256) (256,) 1.8185806993939861
59 : (803,) (803, 256) (256,) 1.1120992149355493
60 : (803,) (803, 256) (256,) 0.7595852668706214
61 : (803,) (803, 256) (256,) 0.9721236693895974
62 : (803,) (803, 256) (256,) 2.519362419143891
63 : (803,) (803, 256) (256,) 1.969379782025142
64 : (804,) (804, 256) (256,) 9.308394999910247
65 : (799,) (799, 256) (256,) 0.38703939828246353
66 : (799,) (799, 256) (256,) 0.4059002971096049
67 : (799,) (799, 256) (256,) 0.3909458071531507
68 : (799,) (799, 256) (256,) 0.37819750028453214
69 : (799,) (799, 256) (256,) 0.43160463531107157
70 : (799,) (799, 256) (256,) 0.2956185190850225
71 : (799,) (799, 256) (256,) 0.37367540731255067
72 : (799,) (799, 256) (256,) 0.3243163293197574
73 : (799,) (799, 256) (256,) 0.2922887888967836
74 : (799,) (799, 256) (256,) 0.4166552967119718
75 : (799,) (799, 256) (256,) 0.7943477217631549
76 : (799,) (799, 256) (256,) 0.5706112506086882
77 : (799,) (799, 256) (256,) 0.40873467544036324
78 : (799,) (799, 256) (256,) 0.2832041278879203
79 : (799,) (799, 256) (256,) 0.28455150474565666
80 : (799,) (799, 256) (256,) 0.41662908163619955
81 : (799,) (799, 256) (256,) 0.8752853008921475
82 : (799,) (799, 256) (256,) 1.8751345806385882
83 : (799,) (799, 256) (256,) 0.6199185584039485
84 : (799,) (799, 256) (256,) 0.4719277637314081
85 : (799,) (799, 256) (256,) 0.3257975407820392
86 : (799,) (799, 256) (256,) 0.4211554239703873
87 : (799,) (799, 256) (256,) 1.000238533211095
88 : (799,) (799, 256) (256,) 1.5553770820224098
89 : (799,) (799, 256) (256,) 0.5760887957637438
90 : (799,) (799, 256) (256,) 0.5185115837437795
91 : (799,) (799, 256) (256,) 0.8113930623325561
92 : (803,) (803, 256) (256,) 1.5317186418128355
93 : (803,) (803, 256) (256,) 1.4448480777716102
94 : (803,) (803, 256) (256,) 1.298000850056423
95 : (803,) (803, 256) (256,) 0.6179583335275963
96 : (803,) (803, 256) (256,) 1.048632949362044
97 : (803,) (803, 256) (256,) 2.4363612682235445
98 : (803,) (803, 256) (256,) 2.473499745825509
99 : (803,) (803, 256) (256,) 0.8543191706978766
100 : (803,) (803, 256) (256,) 0.8528997447522767
101 : (793,) (793, 256) (256,) 0.6293209265171121
102 : (793,) (793, 256) (256,) 0.5529500778640518
103 : (793,) (793, 256) (256,) 0.4733857912644116
104 : (793,) (793, 256) (256,) 0.46767602997227103
105 : (793,) (793, 256) (256,) 0.5637405715829045
106 : (793,) (793, 256) (256,) 0.7802532750299708
107 : (793,) (793, 256) (256,) 0.6091456095545221
108 : (793,) (793, 256) (256,) 0.5148688828714244
109 : (793,) (793, 256) (256,) 0.43845548324759187
110 : (793,) (793, 256) (256,) 0.4301202413614165
111 : (793,) (793, 256) (256,) 0.552171323494872
112 : (793,) (793, 256) (256,) 1.0605317931855411
113 : (793,) (793, 256) (256,) 0.7982831186512694
114 : (793,) (793, 256) (256,) 0.6036964078220747
115 : (793,) (793, 256) (256,) 0.4747680932360006
116 : (793,) (793, 256) (256,) 0.42612010365506947
117 : (793,) (793, 256) (256,) 0.5717228977405744
118 : (793,) (793, 256) (256,) 1.2258948553178963
119 : (793,) (793, 256) (256,) 0.9892074611726437
120 : (793,) (793, 256) (256,) 0.7711105287099839
121 : (793,) (793, 256) (256,) 0.6108922273321014
122 : (793,) (793, 256) (256,) 0.4863146348136033
123 : (793,) (793, 256) (256,) 0.7048809097548387
124 : (793,) (793, 256) (256,) 1.2296821859124936
125 : (793,) (793, 256) (256,) 1.1002017066475847
126 : (793,) (793, 256) (256,) 0.9371103714561261
127 : (793,) (793, 256) (256,) 0.7073658828038282
128 : (804,) (804, 256) (256,) 0.8386794990957311
129 : (804,) (804, 256) (256,) 1.4082743481903908
130 : (804,) (804, 256) (256,) 0.4057566580762119
131 : (804,) (804, 256) (256,) 0.5895282263420236
132 : (804,) (804, 256) (256,) 1.1365365698452945
133 : (804,) (804, 256) (256,) 0.39899903315461643
134 : (804,) (804, 256) (256,) 0.4598841040852858
135 : (798,) (798, 256) (256,) 0.5023193517096066
136 : (798,) (798, 256) (256,) 0.5700677551627393
137 : (798,) (798, 256) (256,) 0.45461899443267983
138 : (798,) (798, 256) (256,) 0.3631907020284779
139 : (798,) (798, 256) (256,) 0.3406761662652977
140 : (798,) (798, 256) (256,) 0.5606080647538306
141 : (798,) (798, 256) (256,) 0.36479804313432806
142 : (798,) (798, 256) (256,) 0.33550465924084694
143 : (798,) (798, 256) (256,) 0.49726335524194165
144 : (798,) (798, 256) (256,) 1.006129541469064
145 : (798,) (798, 256) (256,) 1.7188387782945103
146 : (798,) (798, 256) (256,) 0.6535406384556087
147 : (798,) (798, 256) (256,) 0.4767478304301804
148 : (798,) (798, 256) (256,) 0.8183019139288431
149 : (798,) (798, 256) (256,) 1.7154118250219348
150 : (798,) (798, 256) (256,) 1.60703468865224
151 : (798,) (798, 256) (256,) 1.0119742518001025
152 : (798,) (798, 256) (256,) 0.7997284373205216
153 : (798,) (798, 256) (256,) 1.1710493386376601
